Date,Open,High,Low,Close,Volume,Dividends,Stock Splits
2017-02-28 00:00:00-05:00,133.58999633789062,134.0500030517578,131.24000549316406,133.10000610351562,3868700,0.0,0.0
2017-03-01 00:00:00-05:00,133.89999389648438,135.47999572753906,131.91000366210938,133.22000122070312,3001100,0.0,0.0
2017-03-02 00:00:00-05:00,134.6999969482422,135.7899932861328,132.1199951171875,132.8000030517578,1963800,0.0,0.0
2017-03-03 00:00:00-05:00,133.19000244140625,137.75999450683594,132.64999389648438,136.91000366210938,2859800,0.0,0.0
2017-03-06 00:00:00-05:00,136.9499969482422,136.97999572753906,133.13999938964844,134.3800048828125,1920700,0.0,0.0
2017-03-07 00:00:00-05:00,133.1300048828125,134.85000610351562,131.47999572753906,133.38999938964844,1906600,0.0,0.0
2017-03-08 00:00:00-05:00,133.38999938964844,137.8800048828125,133.05999755859375,136.0,2363200,0.0,0.0
2017-03-09 00:00:00-05:00,135.42999267578125,138.33999633789062,134.22999572753906,138.02000427246094,1781600,0.0,0.0
2017-03-10 00:00:00-05:00,138.80999755859375,150.4199981689453,138.5399932861328,149.24000549316406,5114800,0.0,0.0
2017-03-13 00:00:00-04:00,149.24000549316406,151.6300048828125,145.2899932861328,151.02999877929688,4159600,0.0,0.0
2017-03-14 00:00:00-04:00,149.99000549316406,151.97999572753906,148.8300018310547,150.9600067138672,1697400,0.0,0.0
2017-03-15 00:00:00-04:00,151.35000610351562,153.14999389648438,147.89999389648438,152.66000366210938,1977100,0.0,0.0
2017-03-16 00:00:00-04:00,151.69000244140625,151.91000366210938,146.97999572753906,148.44000244140625,3684300,0.0,0.0
2017-03-17 00:00:00-04:00,148.00999450683594,149.27000427246094,146.7899932861328,147.9600067138672,4268000,0.0,0.0
2017-03-20 00:00:00-04:00,147.61000061035156,148.92999267578125,146.50999450683594,148.52000427246094,1745200,0.0,0.0
2017-03-21 00:00:00-04:00,148.36000061035156,149.0,140.47000122070312,140.72999572753906,2240500,0.0,0.0
2017-03-22 00:00:00-04:00,141.75,143.5800018310547,140.00999450683594,141.27999877929688,3860300,0.0,0.0
2017-03-23 00:00:00-04:00,141.1300048828125,141.27000427246094,138.7100067138672,138.97000122070312,1887600,0.0,0.0
2017-03-24 00:00:00-04:00,138.97000122070312,140.57000732421875,138.00999450683594,139.63999938964844,1547600,0.0,0.0
2017-03-27 00:00:00-04:00,139.14999389648438,140.36000061035156,137.5399932861328,139.88999938964844,1038800,0.0,0.0
2017-03-28 00:00:00-04:00,139.4600067138672,141.33999633789062,138.3800048828125,139.47999572753906,1852500,0.0,0.0
2017-03-29 00:00:00-04:00,139.5,139.9499969482422,138.35000610351562,139.27999877929688,1355400,0.0,0.0
2017-03-30 00:00:00-04:00,140.10000610351562,140.94000244140625,137.6999969482422,137.77000427246094,1109800,0.0,0.0
2017-03-31 00:00:00-04:00,137.8000030517578,138.72999572753906,133.25999450683594,133.6699981689453,2554800,0.0,0.0
2017-04-03 00:00:00-04:00,135.0,141.86000061035156,134.1300048828125,138.52000427246094,3454800,0.0,0.0
2017-04-04 00:00:00-04:00,138.00999450683594,143.0500030517578,137.80999755859375,141.5500030517578,1743500,0.0,0.0
2017-04-05 00:00:00-04:00,141.5500030517578,144.32000732421875,137.50999450683594,138.42999267578125,1748700,0.0,0.0
2017-04-06 00:00:00-04:00,137.83999633789062,139.3699951171875,134.22999572753906,135.5,1595700,0.0,0.0
2017-04-07 00:00:00-04:00,139.47999572753906,140.6300048828125,136.5500030517578,140.11000061035156,2206700,0.0,0.0
2017-04-10 00:00:00-04:00,140.17999267578125,141.24000549316406,136.02000427246094,136.8800048828125,1651500,0.0,0.0
2017-04-11 00:00:00-04:00,137.11000061035156,137.69000244140625,134.16000366210938,136.07000732421875,1296000,0.0,0.0
2017-04-12 00:00:00-04:00,136.47999572753906,141.39999389648438,134.9600067138672,138.27000427246094,1584600,0.0,0.0
2017-04-13 00:00:00-04:00,139.66000366210938,142.4499969482422,138.00999450683594,140.83999633789062,2186400,0.0,0.0
2017-04-17 00:00:00-04:00,124.97000122070312,127.43000030517578,124.05000305175781,126.06999969482422,6916700,0.0,0.0
2017-04-18 00:00:00-04:00,125.11000061035156,128.41000366210938,124.1500015258789,125.9000015258789,2593400,0.0,0.0
2017-04-19 00:00:00-04:00,125.9000015258789,126.16999816894531,124.05000305175781,124.54000091552734,1937200,0.0,0.0
2017-04-20 00:00:00-04:00,125.27999877929688,125.48999786376953,123.05000305175781,123.11000061035156,2035200,0.0,0.0
2017-04-21 00:00:00-04:00,123.5,125.3499984741211,122.51000213623047,123.01000213623047,1818900,0.0,0.0
2017-04-24 00:00:00-04:00,124.05999755859375,124.73999786376953,123.5,123.91000366210938,1155300,0.0,0.0
2017-04-25 00:00:00-04:00,124.66000366210938,124.91000366210938,124.0199966430664,124.38999938964844,1175900,0.0,0.0
2017-04-26 00:00:00-04:00,124.68000030517578,125.47000122070312,122.31999969482422,123.08000183105469,1151700,0.0,0.0
2017-04-27 00:00:00-04:00,123.0,125.36000061035156,122.55000305175781,124.16999816894531,1038100,0.0,0.0
2017-04-28 00:00:00-04:00,124.26000213623047,124.80000305175781,123.0199966430664,124.27999877929688,977600,0.0,0.0
2017-05-01 00:00:00-04:00,124.77999877929688,125.58999633789062,123.20999908447266,124.0,1149900,0.0,0.0
2017-05-02 00:00:00-04:00,123.9800033569336,124.44000244140625,121.5199966430664,123.70999908447266,1343300,0.0,0.0
2017-05-03 00:00:00-04:00,123.43000030517578,124.54000091552734,122.80999755859375,123.20999908447266,1474400,0.0,0.0
2017-05-04 00:00:00-04:00,126.2300033569336,127.80000305175781,123.33999633789062,125.0,1405000,0.0,0.0
2017-05-05 00:00:00-04:00,124.13999938964844,124.80000305175781,120.5,122.41000366210938,2010700,0.0,0.0
2017-05-08 00:00:00-04:00,121.72000122070312,121.80000305175781,116.44000244140625,117.79000091552734,2582900,0.0,0.0
2017-05-09 00:00:00-04:00,117.47000122070312,119.91999816894531,117.04000091552734,119.7300033569336,1204300,0.0,0.0
2017-05-10 00:00:00-04:00,119.66999816894531,119.91999816894531,118.08000183105469,118.22000122070312,1227400,0.0,0.0
2017-05-11 00:00:00-04:00,117.87000274658203,118.41000366210938,116.20999908447266,116.43000030517578,1358600,0.0,0.0
2017-05-12 00:00:00-04:00,115.98999786376953,117.86000061035156,114.33000183105469,115.19000244140625,2732700,0.0,0.0
2017-05-15 00:00:00-04:00,115.0,117.48999786376953,114.02999877929688,117.3499984741211,1710300,0.0,0.0
2017-05-16 00:00:00-04:00,117.48999786376953,120.87000274658203,117.0999984741211,117.76000213623047,2682000,0.0,0.0
2017-05-17 00:00:00-04:00,116.9800033569336,121.68000030517578,116.08000183105469,120.48999786376953,3733600,0.0,0.0
2017-05-18 00:00:00-04:00,128.16000366210938,131.75,125.38999938964844,128.8000030517578,5666300,0.0,0.0
2017-05-19 00:00:00-04:00,129.02999877929688,133.8000030517578,129.0,131.42999267578125,3856500,0.0,0.0
2017-05-22 00:00:00-04:00,131.1999969482422,134.88999938964844,130.22000122070312,134.42999267578125,2031400,0.0,0.0
2017-05-23 00:00:00-04:00,134.1699981689453,136.3000030517578,133.50999450683594,136.16000366210938,1199100,0.0,0.0
2017-05-24 00:00:00-04:00,136.39999389648438,138.75,135.00999450683594,138.10000610351562,1301400,0.0,0.0
2017-05-25 00:00:00-04:00,138.99000549316406,139.97999572753906,138.2100067138672,138.41000366210938,1770500,0.0,0.0
2017-05-26 00:00:00-04:00,138.4600067138672,139.49000549316406,132.64999389648438,134.3800048828125,2365700,0.0,0.0
2017-05-30 00:00:00-04:00,133.8000030517578,134.1300048828125,129.64999389648438,130.49000549316406,1723200,0.0,0.0
2017-05-31 00:00:00-04:00,131.8000030517578,133.82000732421875,128.82000732421875,129.3300018310547,2405900,0.0,0.0
2017-06-01 00:00:00-04:00,130.0,130.9600067138672,127.8499984741211,129.27999877929688,1911900,0.0,0.0
2017-06-02 00:00:00-04:00,131.55999755859375,132.07000732421875,128.8699951171875,131.5,1422100,0.0,0.0
2017-06-05 00:00:00-04:00,132.5,132.77999877929688,121.2300033569336,124.02999877929688,3822200,0.0,0.0
2017-06-06 00:00:00-04:00,124.1500015258789,124.27999877929688,121.45999908447266,122.2699966430664,2061000,0.0,0.0
2017-06-07 00:00:00-04:00,121.52999877929688,123.36000061035156,118.33999633789062,119.1500015258789,2210600,0.0,0.0
2017-06-08 00:00:00-04:00,119.87999725341797,120.23999786376953,116.25,119.75,2026900,0.0,0.0
2017-06-09 00:00:00-04:00,119.0999984741211,122.20999908447266,118.23999786376953,119.04000091552734,1410100,0.0,0.0
2017-06-12 00:00:00-04:00,117.80000305175781,120.22000122070312,115.19999694824219,116.44000244140625,1802500,0.0,0.0
2017-06-13 00:00:00-04:00,115.81999969482422,119.08999633789062,115.66000366210938,118.5199966430664,1199500,0.0,0.0
2017-06-14 00:00:00-04:00,118.58999633789062,121.5,118.01000213623047,120.08999633789062,1533700,0.0,0.0
2017-06-15 00:00:00-04:00,119.0,120.44999694824219,115.79000091552734,120.37000274658203,1824000,0.0,0.0
2017-06-16 00:00:00-04:00,120.0,120.73999786376953,117.05000305175781,118.05000305175781,3658800,0.0,0.0
2017-06-19 00:00:00-04:00,118.37999725341797,122.63999938964844,118.37999725341797,122.27999877929688,1431600,0.0,0.0
2017-06-20 00:00:00-04:00,122.9800033569336,126.79000091552734,122.19000244140625,124.58000183105469,2028600,0.0,0.0
2017-06-21 00:00:00-04:00,124.48999786376953,134.4499969482422,124.30000305175781,133.99000549316406,2893200,0.0,0.0
2017-06-22 00:00:00-04:00,134.86000061035156,137.2899932861328,134.1999969482422,135.6300048828125,1731400,0.0,0.0
2017-06-23 00:00:00-04:00,135.33999633789062,136.86000061035156,133.8300018310547,136.27999877929688,1790300,0.0,0.0
2017-06-26 00:00:00-04:00,136.97000122070312,137.3000030517578,133.42999267578125,134.6699981689453,1389400,0.0,0.0
2017-06-27 00:00:00-04:00,134.49000549316406,135.22999572753906,130.11000061035156,130.30999755859375,1193100,0.0,0.0
2017-06-28 00:00:00-04:00,130.41000366210938,135.27999877929688,129.61000061035156,134.3300018310547,1261700,0.0,0.0
2017-06-29 00:00:00-04:00,133.5800018310547,133.5800018310547,127.48999786376953,128.77999877929688,1387800,0.0,0.0
2017-06-30 00:00:00-04:00,129.74000549316406,129.8300018310547,125.87000274658203,125.91000366210938,1369900,0.0,0.0
2017-07-03 00:00:00-04:00,126.19999694824219,128.0,124.95999908447266,125.87000274658203,597000,0.0,0.0
2017-07-05 00:00:00-04:00,126.0,128.8000030517578,125.43000030517578,128.33999633789062,1189400,0.0,0.0
2017-07-06 00:00:00-04:00,127.05000305175781,128.83999633789062,124.75,127.22000122070312,1256300,0.0,0.0
2017-07-07 00:00:00-04:00,127.58000183105469,131.42999267578125,127.3499984741211,130.83999633789062,1030300,0.0,0.0
2017-07-10 00:00:00-04:00,130.41000366210938,130.41000366210938,127.01000213623047,129.55999755859375,916000,0.0,0.0
2017-07-11 00:00:00-04:00,128.60000610351562,132.86000061035156,128.60000610351562,131.9199981689453,1073000,0.0,0.0
2017-07-12 00:00:00-04:00,133.24000549316406,133.94000244140625,131.3300018310547,133.22000122070312,796400,0.0,0.0
2017-07-13 00:00:00-04:00,133.32000732421875,134.4600067138672,131.02999877929688,133.4199981689453,725800,0.0,0.0
2017-07-14 00:00:00-04:00,134.05999755859375,135.3000030517578,133.27000427246094,134.27000427246094,737500,0.0,0.0
2017-07-17 00:00:00-04:00,133.33999633789062,134.4499969482422,130.0399932861328,130.6199951171875,1376700,0.0,0.0
2017-07-18 00:00:00-04:00,130.30999755859375,131.0800018310547,128.72000122070312,130.85000610351562,993300,0.0,0.0
2017-07-19 00:00:00-04:00,131.7100067138672,133.22999572753906,129.85000610351562,130.4499969482422,1173600,0.0,0.0
2017-07-20 00:00:00-04:00,130.52000427246094,134.39999389648438,129.5399932861328,133.7899932861328,1130600,0.0,0.0
2017-07-21 00:00:00-04:00,133.02000427246094,135.42999267578125,133.02000427246094,134.22000122070312,756000,0.0,0.0
2017-07-24 00:00:00-04:00,134.24000549316406,138.4499969482422,133.72999572753906,138.27000427246094,1207500,0.0,0.0
2017-07-25 00:00:00-04:00,134.1300048828125,136.97000122070312,132.8800048828125,133.55999755859375,1826700,0.0,0.0
2017-07-26 00:00:00-04:00,133.52000427246094,137.89999389648438,132.6999969482422,137.19000244140625,893600,0.0,0.0
2017-07-27 00:00:00-04:00,138.72999572753906,139.58999633789062,131.82000732421875,132.72000122070312,1512300,0.0,0.0
2017-07-28 00:00:00-04:00,132.60000610351562,136.80999755859375,132.17999267578125,135.74000549316406,989800,0.0,0.0
2017-07-31 00:00:00-04:00,135.30999755859375,136.41000366210938,132.9199981689453,133.2899932861328,1209500,0.0,0.0
2017-08-01 00:00:00-04:00,132.9199981689453,134.94000244140625,127.5,128.75999450683594,1472500,0.0,0.0
2017-08-02 00:00:00-04:00,128.5,128.5500030517578,124.0999984741211,125.70999908447266,1480200,0.0,0.0
2017-08-03 00:00:00-04:00,125.6500015258789,126.77999877929688,124.29000091552734,125.9800033569336,1271200,0.0,0.0
2017-08-04 00:00:00-04:00,125.87999725341797,128.8300018310547,123.8499984741211,128.6999969482422,872500,0.0,0.0
2017-08-07 00:00:00-04:00,128.8699951171875,133.11000061035156,128.24000549316406,132.0,1038400,0.0,0.0
2017-08-08 00:00:00-04:00,131.6199951171875,132.75,130.0800018310547,130.6999969482422,650000,0.0,0.0
2017-08-09 00:00:00-04:00,130.2100067138672,131.3300018310547,128.72000122070312,130.0800018310547,727700,0.0,0.0
2017-08-10 00:00:00-04:00,129.0399932861328,129.27000427246094,122.01000213623047,122.12000274658203,1382600,0.0,0.0
2017-08-11 00:00:00-04:00,122.73999786376953,125.08000183105469,122.2699966430664,124.0999984741211,898000,0.0,0.0
2017-08-14 00:00:00-04:00,125.0,126.87000274658203,124.54000091552734,126.27999877929688,682500,0.0,0.0
2017-08-15 00:00:00-04:00,126.26000213623047,127.16999816894531,126.04000091552734,126.37000274658203,590200,0.0,0.0
2017-08-16 00:00:00-04:00,127.37999725341797,127.43000030517578,122.80999755859375,124.33999633789062,1284400,0.0,0.0
2017-08-17 00:00:00-04:00,123.37000274658203,125.36000061035156,121.62999725341797,121.73999786376953,1007400,0.0,0.0
2017-08-18 00:00:00-04:00,121.5999984741211,122.47000122070312,121.0,121.19000244140625,958500,0.0,0.0
2017-08-21 00:00:00-04:00,121.37000274658203,121.37000274658203,118.69000244140625,120.88999938964844,989700,0.0,0.0
2017-08-22 00:00:00-04:00,121.0999984741211,124.0,120.44999694824219,123.86000061035156,801000,0.0,0.0
2017-08-23 00:00:00-04:00,123.2300033569336,124.52999877929688,121.83000183105469,123.6500015258789,655000,0.0,0.0
2017-08-24 00:00:00-04:00,124.1500015258789,124.41000366210938,122.47000122070312,123.81999969482422,703800,0.0,0.0
2017-08-25 00:00:00-04:00,124.37999725341797,124.41000366210938,121.41000366210938,121.76000213623047,712100,0.0,0.0
2017-08-28 00:00:00-04:00,121.6500015258789,123.7699966430664,120.0,123.54000091552734,1052600,0.0,0.0
2017-08-29 00:00:00-04:00,122.62000274658203,127.62999725341797,122.01000213623047,124.97000122070312,1128200,0.0,0.0
2017-08-30 00:00:00-04:00,125.87000274658203,138.32000732421875,125.58999633789062,138.27000427246094,2758900,0.0,0.0
2017-08-31 00:00:00-04:00,140.0,140.11000061035156,131.22000122070312,137.41000366210938,3812600,0.0,0.0
2017-09-01 00:00:00-04:00,137.39999389648438,139.66000366210938,135.4499969482422,138.02999877929688,1321800,0.0,0.0
2017-09-05 00:00:00-04:00,135.27000427246094,138.9199981689453,133.86000061035156,135.33999633789062,1143500,0.0,0.0
2017-09-06 00:00:00-04:00,136.55999755859375,137.39999389648438,133.94000244140625,135.86000061035156,903300,0.0,0.0
2017-09-07 00:00:00-04:00,135.85000610351562,137.35000610351562,132.27000427246094,134.33999633789062,1421700,0.0,0.0
2017-09-08 00:00:00-04:00,132.24000549316406,132.24000549316406,126.0,129.4600067138672,3152500,0.0,0.0
2017-09-11 00:00:00-04:00,131.5,131.92999267578125,124.4800033569336,124.94999694824219,3308500,0.0,0.0
2017-09-12 00:00:00-04:00,125.06999969482422,125.83000183105469,120.0,123.1500015258789,2217800,0.0,0.0
2017-09-13 00:00:00-04:00,123.30999755859375,124.87999725341797,122.02999877929688,123.58999633789062,1504200,0.0,0.0
2017-09-14 00:00:00-04:00,124.25,124.70999908447266,119.54000091552734,119.76000213623047,1957100,0.0,0.0
2017-09-15 00:00:00-04:00,119.91999816894531,120.9800033569336,117.23999786376953,119.1500015258789,2995900,0.0,0.0
2017-09-18 00:00:00-04:00,118.83999633789062,120.97000122070312,117.62999725341797,118.4000015258789,1835900,0.0,0.0
2017-09-19 00:00:00-04:00,118.37999725341797,118.76000213623047,116.13999938964844,117.08999633789062,1445400,0.0,0.0
2017-09-20 00:00:00-04:00,117.62999725341797,118.61000061035156,114.62999725341797,114.87000274658203,2249200,0.0,0.0
2017-09-21 00:00:00-04:00,114.52999877929688,116.23999786376953,112.76000213623047,115.05000305175781,1798900,0.0,0.0
2017-09-22 00:00:00-04:00,114.36000061035156,115.4800033569336,110.6500015258789,110.8499984741211,2174800,0.0,0.0
2017-09-25 00:00:00-04:00,110.43000030517578,110.81999969482422,107.79000091552734,109.69000244140625,3127500,0.0,0.0
2017-09-26 00:00:00-04:00,110.16000366210938,111.08999633789062,108.08000183105469,109.1500015258789,1920300,0.0,0.0
2017-09-27 00:00:00-04:00,109.05999755859375,111.11000061035156,108.5199966430664,110.30999755859375,1681300,0.0,0.0
2017-09-28 00:00:00-04:00,109.86000061035156,115.3499984741211,109.54000091552734,113.13999938964844,2951300,0.0,0.0
2017-09-29 00:00:00-04:00,113.26000213623047,116.9000015258789,113.1500015258789,116.73999786376953,2291100,0.0,0.0
2017-10-02 00:00:00-04:00,116.83000183105469,118.31999969482422,113.55999755859375,115.19000244140625,1979300,0.0,0.0
2017-10-03 00:00:00-04:00,112.80999755859375,115.51000213623047,112.0,112.80000305175781,1627100,0.0,0.0
2017-10-04 00:00:00-04:00,112.41999816894531,114.26000213623047,111.55000305175781,113.83000183105469,1338500,0.0,0.0
2017-10-05 00:00:00-04:00,113.58000183105469,114.44000244140625,112.6500015258789,113.56999969482422,1134000,0.0,0.0
2017-10-06 00:00:00-04:00,114.01000213623047,116.30999755859375,113.04000091552734,114.69999694824219,1453500,0.0,0.0
2017-10-09 00:00:00-04:00,114.58000183105469,115.44999694824219,113.80000305175781,113.98999786376953,835100,0.0,0.0
2017-10-10 00:00:00-04:00,114.1500015258789,115.69000244140625,113.69999694824219,114.7699966430664,1349900,0.0,0.0
2017-10-11 00:00:00-04:00,114.41000366210938,114.8499984741211,111.51000213623047,111.62000274658203,1777700,0.0,0.0
2017-10-12 00:00:00-04:00,111.30000305175781,112.95999908447266,110.8499984741211,112.7300033569336,1590800,0.0,0.0
2017-10-13 00:00:00-04:00,113.47000122070312,114.38999938964844,112.69999694824219,114.30999755859375,1325200,0.0,0.0
2017-10-16 00:00:00-04:00,114.88999938964844,116.66999816894531,114.30999755859375,116.5999984741211,1821400,0.0,0.0
2017-10-17 00:00:00-04:00,116.5999984741211,117.25,115.29000091552734,115.63999938964844,1799600,0.0,0.0
2017-10-18 00:00:00-04:00,116.05999755859375,116.94000244140625,114.77999877929688,115.13999938964844,1687800,0.0,0.0
2017-10-19 00:00:00-04:00,113.95999908447266,115.48999786376953,113.06999969482422,114.2699966430664,1838200,0.0,0.0
2017-10-20 00:00:00-04:00,113.73999786376953,114.38999938964844,112.70999908447266,114.19000244140625,1571600,0.0,0.0
2017-10-23 00:00:00-04:00,114.94999694824219,114.94999694824219,113.19999694824219,113.4800033569336,1770000,0.0,0.0
2017-10-24 00:00:00-04:00,113.11000061035156,115.20999908447266,112.86000061035156,114.04000091552734,1767700,0.0,0.0
2017-10-25 00:00:00-04:00,113.36000061035156,115.41000366210938,112.87999725341797,114.55000305175781,1929800,0.0,0.0
2017-10-26 00:00:00-04:00,113.48999786376953,116.05000305175781,112.80999755859375,115.55999755859375,1731200,0.0,0.0
2017-10-27 00:00:00-04:00,115.52999877929688,116.36000061035156,114.63999938964844,116.2699966430664,1814100,0.0,0.0
2017-10-30 00:00:00-04:00,116.52999877929688,117.3499984741211,113.44000244140625,114.23999786376953,2181600,0.0,0.0
2017-10-31 00:00:00-04:00,117.94999694824219,117.94999694824219,111.16999816894531,113.25,2170900,0.0,0.0
2017-11-01 00:00:00-04:00,113.41999816894531,114.79000091552734,106.36000061035156,107.95999908447266,2871700,0.0,0.0
2017-11-02 00:00:00-04:00,107.73999786376953,107.88999938964844,104.05999755859375,106.51000213623047,2389300,0.0,0.0
2017-11-03 00:00:00-04:00,106.08000183105469,108.04000091552734,104.16999816894531,105.08000183105469,1849700,0.0,0.0
2017-11-06 00:00:00-05:00,104.55000305175781,106.75,103.69000244140625,105.43000030517578,1583700,0.0,0.0
2017-11-07 00:00:00-05:00,106.02999877929688,109.8499984741211,106.02999877929688,108.13999938964844,1890900,0.0,0.0
2017-11-08 00:00:00-05:00,108.22000122070312,109.41999816894531,104.91000366210938,104.9800033569336,1365300,0.0,0.0
2017-11-09 00:00:00-05:00,104.36000061035156,105.30999755859375,101.75,102.98999786376953,1523600,0.0,0.0
2017-11-10 00:00:00-05:00,101.95999908447266,105.08999633789062,100.5999984741211,104.76000213623047,2972600,0.0,0.0
2017-11-13 00:00:00-05:00,104.30000305175781,107.83000183105469,103.19999694824219,107.20999908447266,2022000,0.0,0.0
2017-11-14 00:00:00-05:00,106.30000305175781,107.22000122070312,103.55999755859375,105.12000274658203,1968600,0.0,0.0
2017-11-15 00:00:00-05:00,105.12999725341797,105.9800033569336,104.0,105.23999786376953,978900,0.0,0.0
2017-11-16 00:00:00-05:00,105.48999786376953,108.25,105.01000213623047,106.4800033569336,1180800,0.0,0.0
2017-11-17 00:00:00-05:00,106.05999755859375,107.0999984741211,105.41999816894531,105.47000122070312,1034800,0.0,0.0
2017-11-20 00:00:00-05:00,105.29000091552734,106.94999694824219,98.72000122070312,98.94999694824219,2526700,0.0,0.0
2017-11-21 00:00:00-05:00,99.36000061035156,99.97000122070312,96.5999984741211,98.94999694824219,2894000,0.0,0.0
2017-11-22 00:00:00-05:00,99.08999633789062,100.26000213623047,98.27999877929688,99.0,1204400,0.0,0.0
2017-11-24 00:00:00-05:00,98.70999908447266,99.47000122070312,98.30999755859375,98.77999877929688,482800,0.0,0.0
2017-11-27 00:00:00-05:00,98.93000030517578,99.33000183105469,97.43000030517578,97.86000061035156,1390400,0.0,0.0
2017-11-28 00:00:00-05:00,98.08000183105469,98.23999786376953,94.77999877929688,95.83000183105469,1884200,0.0,0.0
2017-11-29 00:00:00-05:00,96.58000183105469,97.30999755859375,95.05999755859375,95.95999908447266,1401700,0.0,0.0
2017-11-30 00:00:00-05:00,96.43000030517578,100.30000305175781,96.19999694824219,98.98999786376953,1775800,0.0,0.0
2017-12-01 00:00:00-05:00,98.01000213623047,99.63999938964844,96.08000183105469,97.94000244140625,1350300,0.0,0.0
2017-12-04 00:00:00-05:00,98.69000244140625,99.70999908447266,93.6500015258789,93.68000030517578,1722600,0.0,0.0
2017-12-05 00:00:00-05:00,94.11000061035156,97.19999694824219,93.48999786376953,93.70999908447266,1430700,0.0,0.0
2017-12-06 00:00:00-05:00,94.06999969482422,94.5999984741211,92.91000366210938,93.79000091552734,1273100,0.0,0.0
2017-12-07 00:00:00-05:00,93.93000030517578,96.5,93.25,94.83000183105469,1199100,0.0,0.0
2017-12-08 00:00:00-05:00,95.26000213623047,97.91000366210938,95.26000213623047,96.58000183105469,1339600,0.0,0.0
2017-12-11 00:00:00-05:00,96.25,97.58000183105469,96.11000061035156,97.25,1363800,0.0,0.0
2017-12-12 00:00:00-05:00,96.94999694824219,96.9800033569336,94.8499984741211,95.4000015258789,1548600,0.0,0.0
2017-12-13 00:00:00-05:00,95.5999984741211,99.5199966430664,95.16000366210938,98.0999984741211,1323300,0.0,0.0
2017-12-14 00:00:00-05:00,98.81999969482422,99.5,95.86000061035156,95.97000122070312,1304000,0.0,0.0
2017-12-15 00:00:00-05:00,97.41000366210938,97.41000366210938,94.44999694824219,96.41000366210938,3296300,0.0,0.0
2017-12-18 00:00:00-05:00,96.91999816894531,96.93000030517578,93.31999969482422,93.55999755859375,1557700,0.0,0.0
2017-12-19 00:00:00-05:00,93.80999755859375,95.25,93.25,95.0199966430664,1524700,0.0,0.0
2017-12-20 00:00:00-05:00,95.38999938964844,95.94999694824219,93.5199966430664,94.02999877929688,1414700,0.0,0.0
2017-12-21 00:00:00-05:00,94.48999786376953,97.19000244140625,93.80999755859375,96.36000061035156,1028800,0.0,0.0
2017-12-22 00:00:00-05:00,96.05999755859375,96.22000122070312,94.72000122070312,95.80999755859375,941300,0.0,0.0
2017-12-26 00:00:00-05:00,95.55999755859375,96.12000274658203,95.16000366210938,95.4000015258789,502600,0.0,0.0
2017-12-27 00:00:00-05:00,95.62000274658203,96.94999694824219,95.3499984741211,96.51000213623047,832500,0.0,0.0
2017-12-28 00:00:00-05:00,96.44000244140625,96.94999694824219,94.4000015258789,95.37999725341797,1139900,0.0,0.0
2017-12-29 00:00:00-05:00,95.54000091552734,96.1500015258789,94.69999694824219,94.70999908447266,1236900,0.0,0.0
2018-01-02 00:00:00-05:00,97.36000061035156,101.6500015258789,95.27999877929688,100.88999938964844,1830100,0.0,0.0
2018-01-03 00:00:00-05:00,101.75,102.62999725341797,100.70999908447266,100.9800033569336,1458500,0.0,0.0
2018-01-04 00:00:00-05:00,101.86000061035156,101.97000122070312,97.5999984741211,98.44000244140625,1445300,0.0,0.0
2018-01-05 00:00:00-05:00,99.0199966430664,100.6500015258789,98.5,99.8499984741211,1422600,0.0,0.0
2018-01-08 00:00:00-05:00,99.4000015258789,101.0199966430664,98.29000091552734,100.80999755859375,1531400,0.0,0.0
2018-01-09 00:00:00-05:00,101.38999938964844,101.9000015258789,96.16000366210938,96.29000091552734,2639900,0.0,0.0
2018-01-10 00:00:00-05:00,96.12000274658203,97.23999786376953,94.37000274658203,96.62000274658203,1347900,0.0,0.0
2018-01-11 00:00:00-05:00,96.44999694824219,96.61000061035156,92.5199966430664,93.05999755859375,3251200,0.0,0.0
2018-01-12 00:00:00-05:00,93.68000030517578,94.48999786376953,92.91000366210938,94.06999969482422,1572400,0.0,0.0
2018-01-16 00:00:00-05:00,94.06999969482422,95.22000122070312,91.2300033569336,91.6500015258789,2323800,0.0,0.0
2018-01-17 00:00:00-05:00,92.0,92.0,88.80999755859375,90.30999755859375,2660700,0.0,0.0
2018-01-18 00:00:00-05:00,90.0999984741211,93.51000213623047,89.9800033569336,91.91999816894531,2105000,0.0,0.0
2018-01-19 00:00:00-05:00,92.2300033569336,93.58000183105469,91.55000305175781,93.16000366210938,1927500,0.0,0.0
2018-01-22 00:00:00-05:00,93.37999725341797,95.33000183105469,92.6500015258789,94.08000183105469,2645200,0.0,0.0
2018-01-23 00:00:00-05:00,94.0999984741211,95.16000366210938,93.87999725341797,94.62999725341797,1414500,0.0,0.0
2018-01-24 00:00:00-05:00,94.75,96.44000244140625,94.33000183105469,95.33999633789062,1524100,0.0,0.0
2018-01-25 00:00:00-05:00,95.41000366210938,95.77999877929688,93.66000366210938,94.26000213623047,1228500,0.0,0.0
2018-01-26 00:00:00-05:00,94.7300033569336,95.69000244140625,94.05999755859375,95.51000213623047,1302800,0.0,0.0
2018-01-29 00:00:00-05:00,95.9000015258789,95.94000244140625,93.2699966430664,93.54000091552734,1350100,0.0,0.0
2018-01-30 00:00:00-05:00,92.93000030517578,93.37000274658203,91.66000366210938,92.5,1373400,0.0,0.0
2018-01-31 00:00:00-05:00,92.61000061035156,92.76000213623047,89.7699966430664,90.29000091552734,1404600,0.0,0.0
2018-02-01 00:00:00-05:00,90.5199966430664,91.2699966430664,89.2699966430664,89.66999816894531,1349000,0.0,0.0
2018-02-02 00:00:00-05:00,89.11000061035156,89.44999694824219,85.75,85.91999816894531,2394500,0.0,0.0
2018-02-05 00:00:00-05:00,86.08999633789062,87.9000015258789,85.30999755859375,85.33999633789062,2369500,0.0,0.0
2018-02-06 00:00:00-05:00,85.05999755859375,88.33000183105469,84.20999908447266,88.11000061035156,2288900,0.0,0.0
2018-02-07 00:00:00-05:00,87.25,88.05000305175781,86.08999633789062,86.33999633789062,1254600,0.0,0.0
2018-02-08 00:00:00-05:00,86.4000015258789,87.2300033569336,83.87999725341797,83.91999816894531,1930400,0.0,0.0
2018-02-09 00:00:00-05:00,84.44999694824219,85.38999938964844,80.8499984741211,84.5,2399200,0.0,0.0
2018-02-12 00:00:00-05:00,84.98999786376953,88.36000061035156,84.98999786376953,87.5199966430664,1745100,0.0,0.0
2018-02-13 00:00:00-05:00,87.25,88.83999633789062,85.88999938964844,88.02999877929688,1661900,0.0,0.0
2018-02-14 00:00:00-05:00,87.30999755859375,89.12000274658203,86.20999908447266,88.16999816894531,2243800,0.0,0.0
2018-02-15 00:00:00-05:00,87.9000015258789,88.58999633789062,83.75,85.58999633789062,2489000,0.0,0.0
2018-02-16 00:00:00-05:00,85.55000305175781,88.2300033569336,84.51000213623047,86.02999877929688,2473900,0.0,0.0
2018-02-20 00:00:00-05:00,85.5999984741211,87.55999755859375,84.58000183105469,85.51000213623047,1357400,0.0,0.0
2018-02-21 00:00:00-05:00,85.36000061035156,86.98999786376953,84.66000366210938,84.70999908447266,1366600,0.0,0.0
2018-02-22 00:00:00-05:00,85.13999938964844,87.54000091552734,85.0199966430664,85.19000244140625,1315700,0.0,0.0
2018-02-23 00:00:00-05:00,85.43000030517578,88.0199966430664,84.87999725341797,87.80000305175781,1460400,0.0,0.0
2018-02-26 00:00:00-05:00,88.5,91.27999877929688,87.12000274658203,87.52999877929688,1004400,0.0,0.0
2018-02-27 00:00:00-05:00,87.68000030517578,88.73999786376953,86.38999938964844,86.56999969482422,1012600,0.0,0.0
2018-02-28 00:00:00-05:00,86.55000305175781,87.11000061035156,85.13999938964844,85.16000366210938,1345000,0.0,0.0
2018-03-01 00:00:00-05:00,84.87999725341797,85.0,81.25,83.08999633789062,2434200,0.0,0.0
2018-03-02 00:00:00-05:00,82.30000305175781,86.88999938964844,82.05000305175781,86.61000061035156,1273500,0.0,0.0
2018-03-05 00:00:00-05:00,86.16000366210938,91.2300033569336,85.3499984741211,90.97000122070312,1883200,0.0,0.0
2018-03-06 00:00:00-05:00,91.20999908447266,92.69999694824219,89.86000061035156,91.08999633789062,1657300,0.0,0.0
2018-03-07 00:00:00-05:00,90.52999877929688,92.19000244140625,90.52999877929688,91.69999694824219,1409900,0.0,0.0
2018-03-08 00:00:00-05:00,91.80999755859375,92.73999786376953,90.8499984741211,92.41999816894531,1253400,0.0,0.0
2018-03-09 00:00:00-05:00,93.0199966430664,94.79000091552734,92.86000061035156,94.2300033569336,1577900,0.0,0.0
2018-03-12 00:00:00-04:00,94.55000305175781,95.16000366210938,93.69999694824219,94.44999694824219,1428000,0.0,0.0
2018-03-13 00:00:00-04:00,94.56999969482422,95.63999938964844,93.47000122070312,94.62999725341797,1759800,0.0,0.0
2018-03-14 00:00:00-04:00,95.4000015258789,96.33000183105469,92.0,92.26000213623047,2648700,0.0,0.0
2018-03-15 00:00:00-04:00,92.29000091552734,93.25,87.94999694824219,88.69000244140625,1734500,0.0,0.0
2018-03-16 00:00:00-04:00,89.19999694824219,90.55999755859375,87.36000061035156,90.02999877929688,1977800,0.0,0.0
2018-03-19 00:00:00-04:00,89.5,89.70999908447266,85.12999725341797,86.2699966430664,1686600,0.0,0.0
2018-03-20 00:00:00-04:00,86.5,87.33999633789062,85.87000274658203,87.01000213623047,1487600,0.0,0.0
2018-03-21 00:00:00-04:00,87.44999694824219,89.75,87.05999755859375,88.79000091552734,1232500,0.0,0.0
2018-03-22 00:00:00-04:00,87.63999938964844,88.5,85.18000030517578,85.25,2011000,0.0,0.0
2018-03-23 00:00:00-04:00,85.0,85.3499984741211,82.7699966430664,83.05999755859375,1246400,0.0,0.0
2018-03-26 00:00:00-04:00,84.5,86.47000122070312,82.77999877929688,86.37000274658203,1137700,0.0,0.0
2018-03-27 00:00:00-04:00,86.93000030517578,88.66000366210938,84.56999969482422,85.02999877929688,1646800,0.0,0.0
2018-03-28 00:00:00-04:00,86.05000305175781,87.88999938964844,84.33000183105469,84.95999908447266,1685400,0.0,0.0
2018-03-29 00:00:00-04:00,85.05999755859375,85.68000030517578,83.30999755859375,83.33000183105469,1592500,0.0,0.0
2018-04-02 00:00:00-04:00,82.80999755859375,83.37999725341797,79.38999938964844,80.55999755859375,1736700,0.0,0.0
2018-04-03 00:00:00-04:00,81.0,82.45999908447266,79.2699966430664,81.88999938964844,1073300,0.0,0.0
2018-04-04 00:00:00-04:00,80.83999633789062,84.4000015258789,80.30999755859375,83.9800033569336,1184200,0.0,0.0
2018-04-05 00:00:00-04:00,84.80000305175781,84.80000305175781,82.54000091552734,83.06999969482422,1216500,0.0,0.0
2018-04-06 00:00:00-04:00,65.98999786376953,69.48999786376953,63.43000030517578,64.0199966430664,26083800,0.0,0.0
2018-04-09 00:00:00-04:00,64.56999969482422,67.2300033569336,61.29999923706055,65.36000061035156,7900000,0.0,0.0
2018-04-10 00:00:00-04:00,66.20999908447266,68.66000366210938,65.4000015258789,68.12000274658203,2882700,0.0,0.0
2018-04-11 00:00:00-04:00,67.51000213623047,69.11000061035156,65.75,66.29000091552734,2204500,0.0,0.0
2018-04-12 00:00:00-04:00,67.41000366210938,70.58000183105469,67.05000305175781,69.83000183105469,4386100,0.0,0.0
2018-04-13 00:00:00-04:00,70.31999969482422,70.62000274658203,68.88999938964844,70.12000274658203,2260200,0.0,0.0
2018-04-16 00:00:00-04:00,70.48999786376953,71.25,68.76000213623047,70.37000274658203,2217000,0.0,0.0
2018-04-17 00:00:00-04:00,70.68000030517578,71.08000183105469,70.05999755859375,70.5199966430664,1718200,0.0,0.0
2018-04-18 00:00:00-04:00,70.47000122070312,71.18000030517578,69.93000030517578,70.06999969482422,1714300,0.0,0.0
2018-04-19 00:00:00-04:00,67.72000122070312,70.37999725341797,67.01000213623047,69.05000305175781,3672500,0.0,0.0
2018-04-20 00:00:00-04:00,69.29000091552734,69.41000366210938,67.75,68.43000030517578,3355100,0.0,0.0
2018-04-23 00:00:00-04:00,68.83000183105469,69.91000366210938,67.69999694824219,68.13999938964844,2620400,0.0,0.0
2018-04-24 00:00:00-04:00,65.66000366210938,66.26000213623047,62.06999969482422,62.349998474121094,7408500,0.0,0.0
2018-04-25 00:00:00-04:00,62.61000061035156,63.93000030517578,62.349998474121094,62.9900016784668,3689800,0.0,0.0
2018-04-26 00:00:00-04:00,63.470001220703125,63.470001220703125,61.61000061035156,62.61000061035156,3066200,0.0,0.0
2018-04-27 00:00:00-04:00,62.83000183105469,63.619998931884766,62.45000076293945,62.959999084472656,2889900,0.0,0.0
2018-04-30 00:00:00-04:00,62.9900016784668,63.13999938964844,61.5,61.939998626708984,2863900,0.0,0.0
2018-05-01 00:00:00-04:00,62.0,62.93000030517578,60.630001068115234,60.849998474121094,2842100,0.0,0.0
2018-05-02 00:00:00-04:00,60.939998626708984,62.209999084472656,60.900001525878906,61.04999923706055,3522900,0.0,0.0
2018-05-03 00:00:00-04:00,60.88999938964844,62.43000030517578,60.22999954223633,62.38999938964844,2674900,0.0,0.0
2018-05-04 00:00:00-04:00,62.29999923706055,63.869998931884766,61.75,62.130001068115234,2721100,0.0,0.0
2018-05-07 00:00:00-04:00,62.380001068115234,63.849998474121094,61.939998626708984,62.869998931884766,2739800,0.0,0.0
2018-05-08 00:00:00-04:00,62.540000915527344,63.5,62.27000045776367,62.869998931884766,1698900,0.0,0.0
2018-05-09 00:00:00-04:00,62.779998779296875,64.4800033569336,62.65999984741211,64.3499984741211,2320900,0.0,0.0
2018-05-10 00:00:00-04:00,64.55000305175781,65.76000213623047,64.52999877929688,65.2699966430664,3171800,0.0,0.0
2018-05-11 00:00:00-04:00,65.38999938964844,66.91000366210938,64.61000061035156,66.44999694824219,2474200,0.0,0.0
2018-05-14 00:00:00-04:00,66.43000030517578,67.8499984741211,65.80999755859375,67.22000122070312,2314800,0.0,0.0
2018-05-15 00:00:00-04:00,66.72000122070312,67.83999633789062,66.25,67.2300033569336,1883900,0.0,0.0
2018-05-16 00:00:00-04:00,67.12000274658203,67.5999984741211,65.7300033569336,67.0199966430664,2118200,0.0,0.0
2018-05-17 00:00:00-04:00,65.26000213623047,67.5199966430664,65.0999984741211,66.63999938964844,1747700,0.0,0.0
2018-05-18 00:00:00-04:00,66.7699966430664,68.12999725341797,66.5,67.83000183105469,1768600,0.0,0.0
2018-05-21 00:00:00-04:00,68.19999694824219,68.23999786376953,66.55999755859375,66.79000091552734,1247900,0.0,0.0
2018-05-22 00:00:00-04:00,67.13999938964844,67.5199966430664,66.37999725341797,66.55999755859375,1068600,0.0,0.0
2018-05-23 00:00:00-04:00,66.05999755859375,66.9800033569336,66.0,66.56999969482422,848600,0.0,0.0
2018-05-24 00:00:00-04:00,66.70999908447266,66.86000061035156,65.55000305175781,66.66999816894531,1202100,0.0,0.0
2018-05-25 00:00:00-04:00,66.94999694824219,69.18000030517578,66.83000183105469,68.43000030517578,1373000,0.0,0.0
2018-05-29 00:00:00-04:00,67.8499984741211,68.12000274658203,66.3499984741211,67.05999755859375,1310500,0.0,0.0
2018-05-30 00:00:00-04:00,67.37999725341797,68.18000030517578,66.7699966430664,67.87000274658203,1586700,0.0,0.0
2018-05-31 00:00:00-04:00,68.20999908447266,68.83000183105469,67.36000061035156,68.2699966430664,1407900,0.0,0.0
2018-06-01 00:00:00-04:00,68.52999877929688,69.61000061035156,66.5,67.91000366210938,2121000,0.0,0.0
2018-06-04 00:00:00-04:00,67.88999938964844,68.44999694824219,66.94999694824219,68.04000091552734,1278600,0.0,0.0
2018-06-05 00:00:00-04:00,68.06999969482422,68.5999984741211,67.25,68.41000366210938,1297200,0.0,0.0
2018-06-06 00:00:00-04:00,68.5999984741211,69.05000305175781,67.91000366210938,68.55000305175781,1209500,0.0,0.0
2018-06-07 00:00:00-04:00,69.04000091552734,70.19999694824219,68.2699966430664,69.0199966430664,1918600,0.0,0.0
2018-06-08 00:00:00-04:00,69.0999984741211,71.41000366210938,68.83000183105469,70.01000213623047,1592900,0.0,0.0
2018-06-11 00:00:00-04:00,71.2699966430664,71.8499984741211,69.33999633789062,69.36000061035156,1488500,0.0,0.0
2018-06-12 00:00:00-04:00,69.23999786376953,71.41000366210938,69.23999786376953,70.58000183105469,1104200,0.0,0.0
2018-06-13 00:00:00-04:00,70.91000366210938,71.94999694824219,70.12999725341797,70.54000091552734,1244900,0.0,0.0
2018-06-14 00:00:00-04:00,70.87000274658203,74.33000183105469,70.7699966430664,73.63999938964844,2876900,0.0,0.0
2018-06-15 00:00:00-04:00,74.04000091552734,74.63999938964844,71.8499984741211,73.95999908447266,3454500,0.0,0.0
2018-06-18 00:00:00-04:00,73.02999877929688,73.54000091552734,71.12999725341797,72.0199966430664,3055500,0.0,0.0
2018-06-19 00:00:00-04:00,71.61000061035156,73.3499984741211,71.27999877929688,72.9800033569336,2923600,0.0,0.0
2018-06-20 00:00:00-04:00,73.37999725341797,74.30000305175781,72.77999877929688,73.43000030517578,1914700,0.0,0.0
2018-06-21 00:00:00-04:00,74.18000030517578,75.1500015258789,72.31999969482422,72.48999786376953,2367500,0.0,0.0
2018-06-22 00:00:00-04:00,73.0,74.4000015258789,72.33000183105469,74.02999877929688,1980200,0.0,0.0
2018-06-25 00:00:00-04:00,73.1500015258789,73.55999755859375,71.16000366210938,71.7300033569336,1821400,0.0,0.0
2018-06-26 00:00:00-04:00,71.12000274658203,71.47000122070312,66.0999984741211,66.7300033569336,4109500,0.0,0.0
2018-06-27 00:00:00-04:00,66.52999877929688,67.05999755859375,65.41999816894531,65.45999908447266,1663900,0.0,0.0
2018-06-28 00:00:00-04:00,65.19000244140625,66.2699966430664,63.5099983215332,65.76000213623047,2389700,0.0,0.0
2018-06-29 00:00:00-04:00,65.68000030517578,68.27999877929688,65.54000091552734,67.0,1623800,0.0,0.0
2018-07-02 00:00:00-04:00,66.81999969482422,69.05000305175781,66.27999877929688,68.62000274658203,1554500,0.0,0.0
2018-07-03 00:00:00-04:00,68.61000061035156,69.0999984741211,67.81999969482422,68.27999877929688,858500,0.0,0.0
2018-07-05 00:00:00-04:00,68.80000305175781,69.63999938964844,68.0199966430664,69.29000091552734,720700,0.0,0.0
2018-07-06 00:00:00-04:00,69.80000305175781,71.37999725341797,69.76000213623047,70.83000183105469,1501500,0.0,0.0
2018-07-09 00:00:00-04:00,71.33999633789062,72.37000274658203,70.19000244140625,71.62000274658203,2813100,0.0,0.0
2018-07-10 00:00:00-04:00,71.94000244140625,71.94000244140625,70.08999633789062,70.18000030517578,1378100,0.0,0.0
2018-07-11 00:00:00-04:00,69.8499984741211,70.54000091552734,69.1500015258789,70.27999877929688,1418700,0.0,0.0
2018-07-12 00:00:00-04:00,70.52999877929688,71.55999755859375,70.0999984741211,71.13999938964844,1503900,0.0,0.0
2018-07-13 00:00:00-04:00,69.37999725341797,70.98999786376953,68.54000091552734,70.19000244140625,1176300,0.0,0.0
2018-07-16 00:00:00-04:00,69.93000030517578,70.94999694824219,69.7300033569336,70.11000061035156,1139400,0.0,0.0
2018-07-17 00:00:00-04:00,70.02999877929688,71.16999816894531,69.69999694824219,70.2300033569336,2257600,0.0,0.0
2018-07-18 00:00:00-04:00,70.33000183105469,70.66999816894531,69.55999755859375,70.37000274658203,1316900,0.0,0.0
2018-07-19 00:00:00-04:00,70.37999725341797,70.66999816894531,69.18000030517578,70.11000061035156,1321200,0.0,0.0
2018-07-20 00:00:00-04:00,70.11000061035156,70.11000061035156,69.0199966430664,69.19999694824219,1040400,0.0,0.0
2018-07-23 00:00:00-04:00,69.2699966430664,69.2699966430664,68.2300033569336,68.95999908447266,1090500,0.0,0.0
2018-07-24 00:00:00-04:00,69.20999908447266,71.11000061035156,68.58000183105469,68.98999786376953,1359600,0.0,0.0
2018-07-25 00:00:00-04:00,69.01000213623047,70.43000030517578,69.01000213623047,70.0999984741211,1148400,0.0,0.0
2018-07-26 00:00:00-04:00,70.2699966430664,70.5,69.1500015258789,69.91000366210938,1109100,0.0,0.0
2018-07-27 00:00:00-04:00,69.83999633789062,69.83999633789062,68.22000122070312,68.63999938964844,1268400,0.0,0.0
2018-07-30 00:00:00-04:00,68.5199966430664,69.75,67.61000061035156,68.58000183105469,1640600,0.0,0.0
2018-07-31 00:00:00-04:00,69.33999633789062,70.44000244140625,65.25,66.54000091552734,2572100,0.0,0.0
2018-08-01 00:00:00-04:00,65.37999725341797,66.54000091552734,64.93000030517578,65.58999633789062,2055300,0.0,0.0
2018-08-02 00:00:00-04:00,65.30999755859375,65.30999755859375,64.16000366210938,64.44999694824219,2430300,0.0,0.0
2018-08-03 00:00:00-04:00,64.58999633789062,64.5999984741211,62.5,63.040000915527344,2115300,0.0,0.0
2018-08-06 00:00:00-04:00,63.040000915527344,63.279998779296875,61.45000076293945,61.75,2208800,0.0,0.0
2018-08-07 00:00:00-04:00,61.939998626708984,63.11000061035156,61.939998626708984,63.0099983215332,2091500,0.0,0.0
2018-08-08 00:00:00-04:00,63.16999816894531,64.80000305175781,62.650001525878906,63.61000061035156,2667000,0.0,0.0
2018-08-09 00:00:00-04:00,63.470001220703125,64.69999694824219,62.619998931884766,64.37999725341797,1608300,0.0,0.0
2018-08-10 00:00:00-04:00,63.880001068115234,65.45999908447266,63.880001068115234,64.44000244140625,1022700,0.0,0.0
2018-08-13 00:00:00-04:00,64.30000305175781,65.48999786376953,63.25,64.87000274658203,1336500,0.0,0.0
2018-08-14 00:00:00-04:00,65.01000213623047,66.58000183105469,65.0,66.44999694824219,1413300,0.0,0.0
2018-08-15 00:00:00-04:00,67.5199966430664,68.33999633789062,66.44000244140625,66.87000274658203,1896300,0.0,0.0
2018-08-16 00:00:00-04:00,67.0199966430664,68.20999908447266,66.44000244140625,67.8499984741211,1152800,0.0,0.0
2018-08-17 00:00:00-04:00,67.55000305175781,69.4000015258789,67.0199966430664,68.80000305175781,1233800,0.0,0.0
2018-08-20 00:00:00-04:00,69.27999877929688,69.33000183105469,68.30999755859375,69.05000305175781,1433300,0.0,0.0
2018-08-21 00:00:00-04:00,68.95999908447266,70.43000030517578,68.80999755859375,69.62000274658203,1738600,0.0,0.0
2018-08-22 00:00:00-04:00,69.33999633789062,70.01000213623047,68.93000030517578,69.4800033569336,810800,0.0,0.0
2018-08-23 00:00:00-04:00,69.30000305175781,69.62000274658203,68.30000305175781,69.18000030517578,1871500,0.0,0.0
2018-08-24 00:00:00-04:00,69.4000015258789,70.80999755859375,69.27999877929688,70.08000183105469,1936200,0.0,0.0
2018-08-27 00:00:00-04:00,70.5,73.36000061035156,70.4000015258789,72.36000061035156,1831200,0.0,0.0
2018-08-28 00:00:00-04:00,72.26000213623047,74.44999694824219,72.25,73.8499984741211,1478400,0.0,0.0
2018-08-29 00:00:00-04:00,73.87000274658203,74.37999725341797,73.3499984741211,74.08000183105469,1438100,0.0,0.0
2018-08-30 00:00:00-04:00,73.95999908447266,74.6500015258789,71.77999877929688,73.6500015258789,671900,0.0,0.0
2018-08-31 00:00:00-04:00,73.73999786376953,74.69000244140625,73.47000122070312,73.91000366210938,905100,0.0,0.0
2018-09-04 00:00:00-04:00,73.44000244140625,73.9000015258789,72.36000061035156,73.83999633789062,1014900,0.0,0.0
2018-09-05 00:00:00-04:00,73.55999755859375,74.80999755859375,73.55999755859375,74.2300033569336,887700,0.0,0.0
2018-09-06 00:00:00-04:00,74.30000305175781,74.61000061035156,71.44000244140625,72.20999908447266,1233400,0.0,0.0
2018-09-07 00:00:00-04:00,71.62999725341797,71.69999694824219,68.86000061035156,69.16999816894531,1708200,0.0,0.0
2018-09-10 00:00:00-04:00,69.56999969482422,69.56999969482422,67.77999877929688,68.4000015258789,1294400,0.0,0.0
2018-09-11 00:00:00-04:00,68.0999984741211,69.13999938964844,66.3499984741211,66.81999969482422,2375000,0.0,0.0
2018-09-12 00:00:00-04:00,66.86000061035156,66.95999908447266,65.47000122070312,66.51000213623047,1363900,0.0,0.0
2018-09-13 00:00:00-04:00,67.02999877929688,67.66999816894531,66.08000183105469,67.4800033569336,1205000,0.0,0.0
2018-09-14 00:00:00-04:00,67.6500015258789,68.52999877929688,67.19000244140625,68.08999633789062,957900,0.0,0.0
2018-09-17 00:00:00-04:00,68.08999633789062,68.4000015258789,66.47000122070312,67.0199966430664,1141400,0.0,0.0
2018-09-18 00:00:00-04:00,66.8499984741211,67.9800033569336,66.58999633789062,67.81999969482422,760100,0.0,0.0
2018-09-19 00:00:00-04:00,67.79000091552734,68.95999908447266,67.19999694824219,67.25,918700,0.0,0.0
2018-09-20 00:00:00-04:00,67.36000061035156,68.61000061035156,67.26000213623047,68.27999877929688,1150400,0.0,0.0
2018-09-21 00:00:00-04:00,68.37000274658203,68.86000061035156,66.41999816894531,66.58999633789062,1992800,0.0,0.0
2018-09-24 00:00:00-04:00,66.5199966430664,66.87000274658203,65.63999938964844,66.4800033569336,1093700,0.0,0.0
2018-09-25 00:00:00-04:00,66.70999908447266,66.83000183105469,65.6500015258789,65.86000061035156,1067200,0.0,0.0
2018-09-26 00:00:00-04:00,66.02999877929688,69.33999633789062,66.02999877929688,67.41999816894531,1841900,0.0,0.0
2018-09-27 00:00:00-04:00,67.55000305175781,69.43000030517578,67.0,69.04000091552734,971700,0.0,0.0
2018-09-28 00:00:00-04:00,68.80999755859375,69.93000030517578,68.55999755859375,69.08000183105469,1312900,0.0,0.0
2018-10-01 00:00:00-04:00,69.47000122070312,69.9000015258789,68.30000305175781,68.81999969482422,900400,0.0,0.0
2018-10-02 00:00:00-04:00,68.86000061035156,69.9000015258789,68.56999969482422,69.8499984741211,1065200,0.0,0.0
2018-10-03 00:00:00-04:00,70.0,70.58000183105469,69.55000305175781,69.94000244140625,874000,0.0,0.0
2018-10-04 00:00:00-04:00,69.76000213623047,69.76000213623047,65.70999908447266,66.19000244140625,1378000,0.0,0.0
2018-10-05 00:00:00-04:00,66.2699966430664,66.98999786376953,63.790000915527344,65.08000183105469,1302400,0.0,0.0
2018-10-08 00:00:00-04:00,64.61000061035156,65.01000213623047,62.83000183105469,64.16999816894531,1396600,0.0,0.0
2018-10-09 00:00:00-04:00,64.18000030517578,65.97000122070312,63.720001220703125,65.5,887600,0.0,0.0
2018-10-10 00:00:00-04:00,65.5,66.2699966430664,63.779998779296875,63.849998474121094,1477800,0.0,0.0
2018-10-11 00:00:00-04:00,64.08000183105469,64.97000122070312,61.06999969482422,61.75,2194900,0.0,0.0
2018-10-12 00:00:00-04:00,62.689998626708984,63.0,60.900001525878906,62.560001373291016,1689900,0.0,0.0
2018-10-15 00:00:00-04:00,62.16999816894531,63.0,61.5099983215332,62.029998779296875,1151800,0.0,0.0
2018-10-16 00:00:00-04:00,62.470001220703125,65.12000274658203,62.27000045776367,64.91000366210938,1483200,0.0,0.0
2018-10-17 00:00:00-04:00,64.91000366210938,65.5,64.0999984741211,65.04000091552734,2128300,0.0,0.0
2018-10-18 00:00:00-04:00,65.3499984741211,65.48999786376953,63.4900016784668,64.44000244140625,1163200,0.0,0.0
2018-10-19 00:00:00-04:00,64.48999786376953,67.0199966430664,63.75,66.05999755859375,1635800,0.0,0.0
2018-10-22 00:00:00-04:00,67.06999969482422,67.55000305175781,64.75,65.18000030517578,1055800,0.0,0.0
2018-10-23 00:00:00-04:00,64.33999633789062,65.87000274658203,62.709999084472656,65.04000091552734,1176000,0.0,0.0
2018-10-24 00:00:00-04:00,64.88999938964844,64.97000122070312,60.709999084472656,60.91999816894531,2541000,0.0,0.0
2018-10-25 00:00:00-04:00,61.470001220703125,64.55999755859375,60.68000030517578,64.29000091552734,1884100,0.0,0.0
2018-10-26 00:00:00-04:00,62.13999938964844,65.55000305175781,61.45000076293945,63.95000076293945,1625500,0.0,0.0
2018-10-29 00:00:00-04:00,65.08000183105469,66.69999694824219,61.810001373291016,63.31999969482422,1609900,0.0,0.0
2018-10-30 00:00:00-04:00,61.40999984741211,63.0,58.33000183105469,61.029998779296875,5709800,0.0,0.0
2018-10-31 00:00:00-04:00,61.65999984741211,65.7699966430664,61.2599983215332,64.81999969482422,2474400,0.0,0.0
2018-11-01 00:00:00-04:00,65.05000305175781,69.2699966430664,62.33000183105469,68.43000030517578,1776700,0.0,0.0
2018-11-02 00:00:00-04:00,68.94999694824219,69.80999755859375,65.88999938964844,67.41000366210938,1577700,0.0,0.0
2018-11-05 00:00:00-05:00,67.7300033569336,69.19000244140625,66.37999725341797,68.97000122070312,1184200,0.0,0.0
2018-11-06 00:00:00-05:00,69.0999984741211,69.8499984741211,68.05000305175781,68.52999877929688,1154400,0.0,0.0
2018-11-07 00:00:00-05:00,69.2699966430664,70.0,68.05000305175781,69.02999877929688,1606400,0.0,0.0
2018-11-08 00:00:00-05:00,68.98999786376953,69.72000122070312,67.95999908447266,68.66999816894531,1138400,0.0,0.0
2018-11-09 00:00:00-05:00,68.38999938964844,68.5,64.93000030517578,66.02999877929688,1326000,0.0,0.0
2018-11-12 00:00:00-05:00,66.0999984741211,66.19000244140625,62.5099983215332,62.86000061035156,2228600,0.0,0.0
2018-11-13 00:00:00-05:00,62.970001220703125,65.30000305175781,62.79999923706055,63.72999954223633,1524900,0.0,0.0
2018-11-14 00:00:00-05:00,64.16999816894531,64.77999877929688,62.849998474121094,64.1500015258789,2388700,0.0,0.0
2018-11-15 00:00:00-05:00,62.81999969482422,65.06999969482422,61.52000045776367,65.02999877929688,1305800,0.0,0.0
2018-11-16 00:00:00-05:00,64.86000061035156,66.91000366210938,64.33000183105469,66.51000213623047,1172300,0.0,0.0
2018-11-19 00:00:00-05:00,66.31999969482422,66.8499984741211,63.529998779296875,64.25,1684600,0.0,0.0
2018-11-20 00:00:00-05:00,63.5099983215332,64.77999877929688,62.63999938964844,63.59000015258789,1264600,0.0,0.0
2018-11-21 00:00:00-05:00,63.939998626708984,64.66000366210938,63.099998474121094,64.06999969482422,976500,0.0,0.0
2018-11-23 00:00:00-05:00,63.619998931884766,66.30000305175781,63.29999923706055,64.66999816894531,688300,0.0,0.0
2018-11-26 00:00:00-05:00,65.5,67.52999877929688,65.01000213623047,67.37999725341797,1170600,0.0,0.0
2018-11-27 00:00:00-05:00,66.80000305175781,68.13999938964844,65.73999786376953,67.19000244140625,1284400,0.0,0.0
2018-11-28 00:00:00-05:00,67.11000061035156,67.27999877929688,65.18000030517578,65.76000213623047,1906600,0.0,0.0
2018-11-29 00:00:00-05:00,65.22000122070312,66.25,64.70999908447266,64.79000091552734,1469100,0.0,0.0
2018-11-30 00:00:00-05:00,64.83999633789062,65.5,63.54999923706055,64.25,2849200,0.0,0.0
2018-12-03 00:00:00-05:00,65.25,68.93000030517578,65.25,68.31999969482422,2691300,0.0,0.0
2018-12-04 00:00:00-05:00,68.06999969482422,68.72000122070312,65.37999725341797,65.5199966430664,1963200,0.0,0.0
2018-12-06 00:00:00-05:00,64.72000122070312,65.45999908447266,63.220001220703125,65.0999984741211,1565500,0.0,0.0
2018-12-07 00:00:00-05:00,64.69999694824219,66.87999725341797,63.93000030517578,64.51000213623047,1258200,0.0,0.0
2018-12-10 00:00:00-05:00,64.7300033569336,65.80000305175781,63.540000915527344,65.41999816894531,1192600,0.0,0.0
2018-12-11 00:00:00-05:00,66.30000305175781,66.4800033569336,64.86000061035156,65.5999984741211,901800,0.0,0.0
2018-12-12 00:00:00-05:00,66.6500015258789,68.5999984741211,66.6500015258789,67.66999816894531,1093200,0.0,0.0
2018-12-13 00:00:00-05:00,67.95999908447266,68.87000274658203,67.05000305175781,67.29000091552734,1182100,0.0,0.0
2018-12-14 00:00:00-05:00,66.61000061035156,67.63999938964844,65.66000366210938,66.25,1184900,0.0,0.0
2018-12-17 00:00:00-05:00,65.75,66.9000015258789,64.20999908447266,64.81999969482422,1394500,0.0,0.0
2018-12-18 00:00:00-05:00,66.69000244140625,66.86000061035156,63.5,64.26000213623047,1707700,0.0,0.0
2018-12-19 00:00:00-05:00,64.04000091552734,65.4800033569336,61.88999938964844,62.75,1753800,0.0,0.0
2018-12-20 00:00:00-05:00,62.43000030517578,63.380001068115234,60.630001068115234,61.72999954223633,1733400,0.0,0.0
2018-12-21 00:00:00-05:00,62.02000045776367,63.33000183105469,58.349998474121094,58.66999816894531,3337600,0.0,0.0
2018-12-24 00:00:00-05:00,58.25,60.119998931884766,57.0,58.5,1000700,0.0,0.0
2018-12-26 00:00:00-05:00,58.880001068115234,62.04999923706055,58.459999084472656,62.02000045776367,1388500,0.0,0.0
2018-12-27 00:00:00-05:00,61.400001525878906,62.369998931884766,60.0,62.34000015258789,1173000,0.0,0.0
2018-12-28 00:00:00-05:00,62.7400016784668,63.81999969482422,61.709999084472656,62.279998779296875,1027600,0.0,0.0
2018-12-31 00:00:00-05:00,62.79999923706055,64.54000091552734,62.65999984741211,63.59000015258789,1074800,0.0,0.0
2019-01-02 00:00:00-05:00,62.4900016784668,64.97000122070312,62.029998779296875,63.560001373291016,1429600,0.0,0.0
2019-01-03 00:00:00-05:00,64.47000122070312,69.61000061035156,64.4000015258789,68.05999755859375,3760400,0.0,0.0
2019-01-04 00:00:00-05:00,69.31999969482422,73.37000274658203,69.12000274658203,72.2699966430664,2936600,0.0,0.0
2019-01-07 00:00:00-05:00,72.93000030517578,75.0199966430664,72.20999908447266,74.20999908447266,2347500,0.0,0.0
2019-01-08 00:00:00-05:00,75.55999755859375,76.8499984741211,73.66000366210938,74.9000015258789,2683000,0.0,0.0
2019-01-09 00:00:00-05:00,75.52999877929688,75.72000122070312,73.26000213623047,73.69999694824219,1762800,0.0,0.0
2019-01-10 00:00:00-05:00,73.4800033569336,75.44999694824219,72.7300033569336,75.12000274658203,1838900,0.0,0.0
2019-01-11 00:00:00-05:00,75.0999984741211,75.37999725341797,73.62000274658203,74.6500015258789,1199500,0.0,0.0
2019-01-14 00:00:00-05:00,74.25,74.3499984741211,73.12999725341797,73.54000091552734,1551300,0.0,0.0
2019-01-15 00:00:00-05:00,75.0,79.55999755859375,74.83000183105469,78.76000213623047,2630600,0.0,0.0
2019-01-16 00:00:00-05:00,77.37999725341797,77.91000366210938,75.5999984741211,76.55999755859375,2228800,0.0,0.0
2019-01-17 00:00:00-05:00,76.44000244140625,78.91000366210938,75.91000366210938,78.66999816894531,2411200,0.0,0.0
2019-01-18 00:00:00-05:00,79.23999786376953,79.5,77.93000030517578,78.41999816894531,2033500,0.0,0.0
2019-01-22 00:00:00-05:00,78.0,78.0,76.37999725341797,77.33000183105469,1581700,0.0,0.0
2019-01-23 00:00:00-05:00,76.5199966430664,77.13999938964844,74.05000305175781,75.19999694824219,1621200,0.0,0.0
2019-01-24 00:00:00-05:00,76.98999786376953,77.58000183105469,76.26000213623047,77.01000213623047,1855000,0.0,0.0
2019-01-25 00:00:00-05:00,77.4000015258789,79.98999786376953,76.55000305175781,79.94999694824219,2585700,0.0,0.0
2019-01-28 00:00:00-05:00,79.5199966430664,81.25,79.37999725341797,80.66000366210938,2326500,0.0,0.0
2019-01-29 00:00:00-05:00,80.72000122070312,81.11000061035156,78.23999786376953,79.29000091552734,1140800,0.0,0.0
2019-01-30 00:00:00-05:00,79.29000091552734,80.05999755859375,78.20999908447266,79.9800033569336,772300,0.0,0.0
2019-01-31 00:00:00-05:00,79.61000061035156,80.69000244140625,79.27999877929688,80.58999633789062,896400,0.0,0.0
2019-02-01 00:00:00-05:00,80.83000183105469,83.05000305175781,80.56999969482422,82.91999816894531,1644600,0.0,0.0
2019-02-04 00:00:00-05:00,83.12999725341797,83.12999725341797,80.47000122070312,81.5999984741211,1250000,0.0,0.0
2019-02-05 00:00:00-05:00,82.30999755859375,82.48999786376953,80.76000213623047,81.4000015258789,971600,0.0,0.0
2019-02-06 00:00:00-05:00,81.1500015258789,81.75,80.30000305175781,81.41999816894531,791800,0.0,0.0
2019-02-07 00:00:00-05:00,80.73999786376953,81.1500015258789,79.5199966430664,79.83000183105469,1182500,0.0,0.0
2019-02-08 00:00:00-05:00,79.5,80.91000366210938,79.41000366210938,80.87000274658203,994300,0.0,0.0
2019-02-11 00:00:00-05:00,81.06999969482422,81.25,79.9000015258789,80.20999908447266,1137800,0.0,0.0
2019-02-12 00:00:00-05:00,81.52999877929688,81.63999938964844,80.30000305175781,81.4000015258789,1988400,0.0,0.0
2019-02-13 00:00:00-05:00,81.52999877929688,82.29000091552734,80.1500015258789,81.05999755859375,1381200,0.0,0.0
2019-02-14 00:00:00-05:00,81.87000274658203,83.98999786376953,80.11000061035156,83.41999816894531,3009400,0.0,0.0
2019-02-15 00:00:00-05:00,82.05000305175781,84.25,82.05000305175781,84.1500015258789,1904400,0.0,0.0
2019-02-19 00:00:00-05:00,84.25,84.70999908447266,83.5999984741211,84.08000183105469,1149300,0.0,0.0
2019-02-20 00:00:00-05:00,83.7300033569336,84.2300033569336,82.68000030517578,83.73999786376953,1224800,0.0,0.0
2019-02-21 00:00:00-05:00,83.62000274658203,84.5,82.20999908447266,83.33000183105469,950400,0.0,0.0
2019-02-22 00:00:00-05:00,83.7300033569336,84.87000274658203,83.27999877929688,84.8499984741211,1208600,0.0,0.0
2019-02-25 00:00:00-05:00,85.48999786376953,87.6500015258789,85.3499984741211,86.87999725341797,1650500,0.0,0.0
2019-02-26 00:00:00-05:00,86.91000366210938,87.05000305175781,85.6500015258789,85.69999694824219,755000,0.0,0.0
2019-02-27 00:00:00-05:00,85.23999786376953,87.02999877929688,85.02999877929688,87.0,1000000,0.0,0.0
2019-02-28 00:00:00-05:00,87.0199966430664,87.83000183105469,85.44000244140625,86.2300033569336,1056400,0.0,0.0
2019-03-01 00:00:00-05:00,86.72000122070312,88.80000305175781,85.91000366210938,88.16999816894531,1086600,0.0,0.0
2019-03-04 00:00:00-05:00,88.5199966430664,88.83000183105469,85.0,85.41000366210938,1481200,0.0,0.0
2019-03-05 00:00:00-05:00,84.88999938964844,86.19000244140625,84.2699966430664,85.04000091552734,915800,0.0,0.0
2019-03-06 00:00:00-05:00,85.19000244140625,85.19000244140625,83.2300033569336,83.37000274658203,818700,0.0,0.0
2019-03-07 00:00:00-05:00,82.83999633789062,83.44000244140625,81.68000030517578,82.44999694824219,980600,0.0,0.0
2019-03-08 00:00:00-05:00,81.83000183105469,82.37000274658203,80.91999816894531,82.12000274658203,869400,0.0,0.0
2019-03-11 00:00:00-04:00,82.62000274658203,84.20999908447266,81.83999633789062,84.16999816894531,1256400,0.0,0.0
2019-03-12 00:00:00-04:00,84.05000305175781,85.25,83.66000366210938,84.9000015258789,758500,0.0,0.0
2019-03-13 00:00:00-04:00,85.4800033569336,86.0999984741211,84.70999908447266,85.05999755859375,1137800,0.0,0.0
2019-03-14 00:00:00-04:00,85.11000061035156,85.73999786376953,83.83000183105469,84.30999755859375,1638300,0.0,0.0
2019-03-15 00:00:00-04:00,83.88999938964844,85.23999786376953,83.88999938964844,84.80000305175781,1835900,0.0,0.0
2019-03-18 00:00:00-04:00,84.81999969482422,85.88999938964844,84.05999755859375,85.62000274658203,898400,0.0,0.0
2019-03-19 00:00:00-04:00,86.12000274658203,86.3499984741211,85.20999908447266,85.66999816894531,852800,0.0,0.0
2019-03-20 00:00:00-04:00,85.62999725341797,87.19999694824219,85.37999725341797,86.30999755859375,978700,0.0,0.0
2019-03-21 00:00:00-04:00,85.56999969482422,87.25,85.0,87.08000183105469,819200,0.0,0.0
2019-03-22 00:00:00-04:00,86.75,87.0999984741211,85.30000305175781,85.33999633789062,1531900,0.0,0.0
2019-03-25 00:00:00-04:00,85.27999877929688,86.05999755859375,84.20999908447266,86.0199966430664,846100,0.0,0.0
2019-03-26 00:00:00-04:00,86.95999908447266,87.47000122070312,86.19000244140625,87.12000274658203,892500,0.0,0.0
2019-03-27 00:00:00-04:00,87.04000091552734,87.55000305175781,85.44000244140625,86.0199966430664,972600,0.0,0.0
2019-03-28 00:00:00-04:00,86.0199966430664,86.94000244140625,85.16999816894531,85.73999786376953,855000,0.0,0.0
2019-03-29 00:00:00-04:00,86.5199966430664,86.77999877929688,85.87999725341797,86.01000213623047,1199800,0.0,0.0
2019-04-01 00:00:00-04:00,87.36000061035156,87.91000366210938,85.81999969482422,85.94999694824219,969500,0.0,0.0
2019-04-02 00:00:00-04:00,85.80000305175781,87.16000366210938,84.95999908447266,86.69999694824219,1169100,0.0,0.0
2019-04-03 00:00:00-04:00,86.13999938964844,86.5999984741211,83.31999969482422,84.3499984741211,2420600,0.0,0.0
2019-04-04 00:00:00-04:00,84.43000030517578,84.77999877929688,82.37000274658203,83.22000122070312,1243800,0.0,0.0
2019-04-05 00:00:00-04:00,83.62000274658203,85.12999725341797,83.62000274658203,84.76000213623047,1825700,0.0,0.0
2019-04-08 00:00:00-04:00,84.75,84.91000366210938,82.1500015258789,84.43000030517578,1544200,0.0,0.0
2019-04-09 00:00:00-04:00,84.08999633789062,84.3499984741211,82.58000183105469,82.7300033569336,877400,0.0,0.0
2019-04-10 00:00:00-04:00,82.75,84.16000366210938,82.55000305175781,83.41000366210938,990600,0.0,0.0
2019-04-11 00:00:00-04:00,83.62000274658203,83.91999816894531,80.98999786376953,81.05999755859375,1070500,0.0,0.0
2019-04-12 00:00:00-04:00,81.37999725341797,81.77999877929688,79.20999908447266,79.4000015258789,1723100,0.0,0.0
2019-04-15 00:00:00-04:00,79.33000183105469,80.37000274658203,77.62999725341797,78.1500015258789,1654400,0.0,0.0
2019-04-16 00:00:00-04:00,78.52999877929688,79.26000213623047,76.73999786376953,76.9800033569336,1331400,0.0,0.0
2019-04-17 00:00:00-04:00,77.13999938964844,77.29000091552734,73.9000015258789,74.31999969482422,1753400,0.0,0.0
2019-04-18 00:00:00-04:00,74.73999786376953,75.70999908447266,72.43000030517578,73.95999908447266,1689700,0.0,0.0
2019-04-22 00:00:00-04:00,73.95999908447266,74.63999938964844,72.36000061035156,73.66000366210938,1243000,0.0,0.0
2019-04-23 00:00:00-04:00,73.70999908447266,75.55999755859375,73.33000183105469,75.41000366210938,1492400,0.0,0.0
2019-04-24 00:00:00-04:00,75.02999877929688,75.22000122070312,73.44999694824219,73.5199966430664,918000,0.0,0.0
2019-04-25 00:00:00-04:00,73.02999877929688,74.18000030517578,72.4000015258789,73.94000244140625,1095900,0.0,0.0
2019-04-26 00:00:00-04:00,74.41000366210938,75.0999984741211,73.58999633789062,75.02999877929688,1425700,0.0,0.0
2019-04-29 00:00:00-04:00,74.43000030517578,74.80999755859375,72.94999694824219,74.37999725341797,1518200,0.0,0.0
2019-04-30 00:00:00-04:00,74.61000061035156,80.0,73.79000091552734,76.80000305175781,2041900,0.0,0.0
2019-05-01 00:00:00-04:00,77.16999816894531,80.4800033569336,77.01000213623047,78.91000366210938,1969100,0.0,0.0
2019-05-02 00:00:00-04:00,79.25,81.4800033569336,79.06999969482422,80.94000244140625,1947400,0.0,0.0
2019-05-03 00:00:00-04:00,80.55999755859375,83.1500015258789,79.63999938964844,83.05999755859375,1744800,0.0,0.0
2019-05-06 00:00:00-04:00,81.73999786376953,85.16000366210938,80.7300033569336,85.0,1220100,0.0,0.0
2019-05-07 00:00:00-04:00,84.04000091552734,84.80000305175781,82.44000244140625,83.2300033569336,1842500,0.0,0.0
2019-05-08 00:00:00-04:00,82.93000030517578,83.76000213623047,82.2699966430664,82.8499984741211,1202900,0.0,0.0
2019-05-09 00:00:00-04:00,82.25,82.79000091552734,80.69999694824219,82.0199966430664,1188600,0.0,0.0
2019-05-10 00:00:00-04:00,81.91999816894531,82.0,78.19999694824219,80.68000030517578,1433500,0.0,0.0
2019-05-13 00:00:00-04:00,79.37999725341797,79.48999786376953,75.5199966430664,75.75,1474100,0.0,0.0
2019-05-14 00:00:00-04:00,76.13999938964844,76.83000183105469,75.5199966430664,76.11000061035156,948100,0.0,0.0
2019-05-15 00:00:00-04:00,75.45999908447266,76.2699966430664,74.30999755859375,75.98999786376953,1887800,0.0,0.0
2019-05-16 00:00:00-04:00,76.16000366210938,78.44999694824219,76.16000366210938,77.63999938964844,1054300,0.0,0.0
2019-05-17 00:00:00-04:00,77.01000213623047,78.0199966430664,76.12000274658203,77.19999694824219,927000,0.0,0.0
2019-05-20 00:00:00-04:00,76.75,77.20999908447266,76.05000305175781,76.83000183105469,868400,0.0,0.0
2019-05-21 00:00:00-04:00,77.08000183105469,78.83000183105469,76.8499984741211,78.68000030517578,1093800,0.0,0.0
2019-05-22 00:00:00-04:00,78.5,79.58999633789062,77.9800033569336,79.0199966430664,827000,0.0,0.0
2019-05-23 00:00:00-04:00,78.61000061035156,80.55999755859375,78.06999969482422,80.5,1294400,0.0,0.0
2019-05-24 00:00:00-04:00,80.79000091552734,82.30999755859375,80.26000213623047,81.75,1465900,0.0,0.0
2019-05-28 00:00:00-04:00,81.86000061035156,84.04000091552734,81.66000366210938,81.76000213623047,1319000,0.0,0.0
2019-05-29 00:00:00-04:00,81.47000122070312,81.56999969482422,77.2699966430664,77.58999633789062,1331500,0.0,0.0
2019-05-30 00:00:00-04:00,77.87000274658203,78.83000183105469,77.02999877929688,78.73999786376953,783500,0.0,0.0
2019-05-31 00:00:00-04:00,77.94999694824219,80.20999908447266,77.56999969482422,78.62999725341797,927400,0.0,0.0
2019-06-03 00:00:00-04:00,78.98999786376953,80.37999725341797,78.29000091552734,79.55999755859375,1192000,0.0,0.0
2019-06-04 00:00:00-04:00,80.68000030517578,81.68000030517578,79.80000305175781,81.55999755859375,1634500,0.0,0.0
2019-06-05 00:00:00-04:00,82.11000061035156,82.75,80.91999816894531,81.0199966430664,1000100,0.0,0.0
2019-06-06 00:00:00-04:00,81.05999755859375,81.80999755859375,79.69000244140625,79.86000061035156,810500,0.0,0.0
2019-06-07 00:00:00-04:00,80.1500015258789,81.11000061035156,79.29000091552734,80.83000183105469,708000,0.0,0.0
2019-06-10 00:00:00-04:00,80.77999877929688,81.54000091552734,76.56999969482422,76.80000305175781,1460900,0.0,0.0
2019-06-11 00:00:00-04:00,76.87999725341797,77.27999877929688,74.4800033569336,75.55999755859375,1467500,0.0,0.0
2019-06-12 00:00:00-04:00,76.83999633789062,76.9800033569336,74.94000244140625,75.80000305175781,1359500,0.0,0.0
2019-06-13 00:00:00-04:00,75.73999786376953,76.45999908447266,75.0,76.37000274658203,1367500,0.0,0.0
2019-06-14 00:00:00-04:00,76.30000305175781,77.79000091552734,75.45999908447266,77.70999908447266,1250400,0.0,0.0
2019-06-17 00:00:00-04:00,79.06999969482422,82.56999969482422,78.5,81.83999633789062,2414500,0.0,0.0
2019-06-18 00:00:00-04:00,82.81999969482422,84.87000274658203,82.0,84.27999877929688,1954700,0.0,0.0
2019-06-19 00:00:00-04:00,84.70999908447266,85.36000061035156,83.69999694824219,84.87000274658203,1236300,0.0,0.0
2019-06-20 00:00:00-04:00,85.5999984741211,87.12999725341797,85.5999984741211,86.56999969482422,1426800,0.0,0.0
2019-06-21 00:00:00-04:00,87.25,88.8499984741211,86.29000091552734,88.69999694824219,2262000,0.0,0.0
2019-06-24 00:00:00-04:00,88.69999694824219,89.30000305175781,86.66999816894531,86.91999816894531,1272500,0.0,0.0
2019-06-25 00:00:00-04:00,87.25,88.62999725341797,86.33000183105469,87.61000061035156,1231100,0.0,0.0
2019-06-26 00:00:00-04:00,87.54000091552734,88.27999877929688,85.22000122070312,85.62999725341797,1226200,0.0,0.0
2019-06-27 00:00:00-04:00,86.05999755859375,86.58999633789062,84.52999877929688,84.72000122070312,992400,0.0,0.0
2019-06-28 00:00:00-04:00,84.58999633789062,85.27999877929688,83.37000274658203,84.95999908447266,1616400,0.0,0.0
2019-07-01 00:00:00-04:00,85.80000305175781,86.5,84.58000183105469,85.41999816894531,1040400,0.0,0.0
2019-07-02 00:00:00-04:00,86.0,86.0,83.94999694824219,85.01000213623047,947500,0.0,0.0
2019-07-03 00:00:00-04:00,84.83999633789062,86.54000091552734,83.63999938964844,86.5199966430664,767700,0.0,0.0
2019-07-05 00:00:00-04:00,85.61000061035156,87.05999755859375,85.0,85.27999877929688,681900,0.0,0.0
2019-07-08 00:00:00-04:00,84.73999786376953,85.0,82.11000061035156,83.01000213623047,1064200,0.0,0.0
2019-07-09 00:00:00-04:00,82.4800033569336,84.1500015258789,82.3499984741211,83.81999969482422,985300,0.0,0.0
2019-07-10 00:00:00-04:00,83.94000244140625,85.05999755859375,83.05000305175781,83.7699966430664,757100,0.0,0.0
2019-07-11 00:00:00-04:00,83.80999755859375,83.9800033569336,80.16999816894531,81.2300033569336,1074500,0.0,0.0
2019-07-12 00:00:00-04:00,81.37999725341797,81.94999694824219,79.62000274658203,80.0999984741211,954300,0.0,0.0
2019-07-15 00:00:00-04:00,79.98999786376953,81.56999969482422,79.52999877929688,81.38999938964844,1115600,0.0,0.0
2019-07-16 00:00:00-04:00,81.3499984741211,81.51000213623047,79.69999694824219,79.87999725341797,814400,0.0,0.0
2019-07-17 00:00:00-04:00,79.91000366210938,80.87999725341797,79.4000015258789,80.2300033569336,904000,0.0,0.0
2019-07-18 00:00:00-04:00,80.3499984741211,81.5,80.13999938964844,81.30999755859375,756200,0.0,0.0
2019-07-19 00:00:00-04:00,81.80999755859375,82.26000213623047,80.2300033569336,80.54000091552734,935600,0.0,0.0
2019-07-22 00:00:00-04:00,80.88999938964844,82.70999908447266,80.38999938964844,81.70999908447266,750600,0.0,0.0
2019-07-23 00:00:00-04:00,81.66999816894531,81.83000183105469,78.41999816894531,78.51000213623047,1816600,0.0,0.0
2019-07-24 00:00:00-04:00,78.54000091552734,79.72000122070312,77.5999984741211,79.1500015258789,1568400,0.0,0.0
2019-07-25 00:00:00-04:00,78.69000244140625,79.30000305175781,77.30000305175781,78.80000305175781,732900,0.0,0.0
2019-07-26 00:00:00-04:00,79.33999633789062,80.94999694824219,79.01000213623047,80.1500015258789,985800,0.0,0.0
2019-07-29 00:00:00-04:00,80.08999633789062,80.45999908447266,78.1500015258789,80.26000213623047,1058500,0.0,0.0
2019-07-30 00:00:00-04:00,82.7699966430664,85.56999969482422,80.05999755859375,85.43000030517578,1740300,0.0,0.0
2019-07-31 00:00:00-04:00,85.5,86.52999877929688,83.86000061035156,84.91999816894531,1263000,0.0,0.0
2019-08-01 00:00:00-04:00,84.5199966430664,87.2300033569336,84.23999786376953,84.8499984741211,1016800,0.0,0.0
2019-08-02 00:00:00-04:00,84.7300033569336,85.9000015258789,82.70999908447266,83.47000122070312,1267200,0.0,0.0
2019-08-05 00:00:00-04:00,82.31999969482422,82.44999694824219,80.02999877929688,80.91999816894531,1401600,0.0,0.0
2019-08-06 00:00:00-04:00,81.19999694824219,82.7699966430664,79.9000015258789,82.62999725341797,1308100,0.0,0.0
2019-08-07 00:00:00-04:00,81.77999877929688,81.77999877929688,79.7699966430664,80.45999908447266,1278500,0.0,0.0
2019-08-08 00:00:00-04:00,80.66000366210938,81.30999755859375,78.01000213623047,81.26000213623047,1566700,0.0,0.0
2019-08-09 00:00:00-04:00,80.97000122070312,82.72000122070312,80.22000122070312,81.79000091552734,1280500,0.0,0.0
2019-08-12 00:00:00-04:00,81.66000366210938,83.83999633789062,80.55999755859375,82.4800033569336,1062400,0.0,0.0
2019-08-13 00:00:00-04:00,82.30000305175781,84.77999877929688,81.95999908447266,82.88999938964844,971000,0.0,0.0
2019-08-14 00:00:00-04:00,82.13999938964844,83.29000091552734,80.91000366210938,81.05999755859375,1460000,0.0,0.0
2019-08-15 00:00:00-04:00,80.95999908447266,81.47000122070312,79.58999633789062,80.61000061035156,1171900,0.0,0.0
2019-08-16 00:00:00-04:00,81.41999816894531,83.3499984741211,80.80000305175781,83.12000274658203,1071100,0.0,0.0
2019-08-19 00:00:00-04:00,84.08000183105469,84.91999816894531,83.1500015258789,84.5199966430664,872800,0.0,0.0
2019-08-20 00:00:00-04:00,84.2300033569336,84.95999908447266,83.91999816894531,84.0999984741211,797200,0.0,0.0
2019-08-21 00:00:00-04:00,84.75,86.11000061035156,84.4800033569336,86.06999969482422,705200,0.0,0.0
2019-08-22 00:00:00-04:00,86.31999969482422,86.31999969482422,84.62999725341797,85.55999755859375,858400,0.0,0.0
2019-08-23 00:00:00-04:00,85.55999755859375,85.81999969482422,81.58000183105469,81.91000366210938,1213400,0.0,0.0
2019-08-26 00:00:00-04:00,82.29000091552734,83.19000244140625,81.08999633789062,82.80999755859375,1070900,0.0,0.0
2019-08-27 00:00:00-04:00,83.51000213623047,84.08000183105469,79.43000030517578,80.26000213623047,1507200,0.0,0.0
2019-08-28 00:00:00-04:00,79.87000274658203,82.61000061035156,79.26000213623047,81.3499984741211,1040600,0.0,0.0
2019-08-29 00:00:00-04:00,82.05999755859375,82.48999786376953,81.41000366210938,82.44000244140625,1198200,0.0,0.0
2019-08-30 00:00:00-04:00,82.7699966430664,82.81999969482422,80.69000244140625,81.81999969482422,887600,0.0,0.0
2019-09-03 00:00:00-04:00,81.7300033569336,81.94999694824219,79.55999755859375,80.05999755859375,899900,0.0,0.0
2019-09-04 00:00:00-04:00,81.0,81.06999969482422,76.75,77.62000274658203,1643900,0.0,0.0
2019-09-05 00:00:00-04:00,79.91999816894531,80.12999725341797,78.20999908447266,79.2699966430664,1678500,0.0,0.0
2019-09-06 00:00:00-04:00,79.44999694824219,80.11000061035156,79.08000183105469,79.23999786376953,676100,0.0,0.0
2019-09-09 00:00:00-04:00,78.52999877929688,79.52999877929688,77.3499984741211,78.97000122070312,934600,0.0,0.0
2019-09-10 00:00:00-04:00,78.37000274658203,78.91000366210938,76.83000183105469,77.91000366210938,1247000,0.0,0.0
2019-09-11 00:00:00-04:00,77.8499984741211,79.79000091552734,77.83999633789062,78.4800033569336,871000,0.0,0.0
2019-09-12 00:00:00-04:00,78.75,78.94999694824219,75.0,76.06999969482422,2311000,0.0,0.0
2019-09-13 00:00:00-04:00,76.4000015258789,78.16999816894531,75.54000091552734,76.43000030517578,1646100,0.0,0.0
2019-09-16 00:00:00-04:00,76.19000244140625,79.04000091552734,75.5999984741211,78.33999633789062,1128700,0.0,0.0
2019-09-17 00:00:00-04:00,77.70999908447266,79.37000274658203,77.56999969482422,79.0999984741211,954300,0.0,0.0
2019-09-18 00:00:00-04:00,79.5199966430664,80.20999908447266,77.38999938964844,78.54000091552734,721800,0.0,0.0
2019-09-19 00:00:00-04:00,78.5,79.22000122070312,77.91000366210938,78.12000274658203,1050400,0.0,0.0
2019-09-20 00:00:00-04:00,78.5199966430664,81.63999938964844,78.37000274658203,81.20999908447266,2160800,0.0,0.0
2019-09-23 00:00:00-04:00,81.01000213623047,81.97000122070312,76.62999725341797,77.63999938964844,1621800,0.0,0.0
2019-09-24 00:00:00-04:00,78.37999725341797,78.37999725341797,75.48999786376953,76.94999694824219,1370400,0.0,0.0
2019-09-25 00:00:00-04:00,76.62000274658203,77.5,75.0199966430664,75.06999969482422,1211300,0.0,0.0
2019-09-26 00:00:00-04:00,75.19000244140625,75.47000122070312,72.8499984741211,73.76000213623047,1477200,0.0,0.0
2019-09-27 00:00:00-04:00,74.2699966430664,74.2699966430664,72.0,72.81999969482422,1065400,0.0,0.0
2019-09-30 00:00:00-04:00,72.93000030517578,74.87999725341797,72.77999877929688,74.2300033569336,1224700,0.0,0.0
2019-10-01 00:00:00-04:00,73.52999877929688,74.75,73.30000305175781,73.95999908447266,1259200,0.0,0.0
2019-10-02 00:00:00-04:00,73.97000122070312,73.97000122070312,72.91000366210938,73.04000091552734,1074900,0.0,0.0
2019-10-03 00:00:00-04:00,73.63999938964844,74.93000030517578,72.25,74.87999725341797,1171500,0.0,0.0
2019-10-04 00:00:00-04:00,74.91000366210938,75.81999969482422,73.37999725341797,74.87000274658203,766700,0.0,0.0
2019-10-07 00:00:00-04:00,73.01000213623047,75.22000122070312,73.01000213623047,74.76000213623047,654100,0.0,0.0
2019-10-08 00:00:00-04:00,74.44000244140625,75.4800033569336,73.5199966430664,74.44000244140625,631000,0.0,0.0
2019-10-09 00:00:00-04:00,75.12999725341797,75.7300033569336,74.05999755859375,74.68000030517578,589800,0.0,0.0
2019-10-10 00:00:00-04:00,74.55000305175781,75.9000015258789,74.12999725341797,75.7699966430664,620600,0.0,0.0
2019-10-11 00:00:00-04:00,76.27999877929688,77.22000122070312,76.01000213623047,76.12000274658203,761700,0.0,0.0
2019-10-14 00:00:00-04:00,76.38999938964844,78.30000305175781,76.26000213623047,77.45999908447266,659700,0.0,0.0
2019-10-15 00:00:00-04:00,77.41999816894531,79.05999755859375,77.36000061035156,78.5199966430664,783400,0.0,0.0
2019-10-16 00:00:00-04:00,78.05999755859375,79.06999969482422,77.51000213623047,78.12000274658203,1044300,0.0,0.0
2019-10-17 00:00:00-04:00,78.3499984741211,78.68000030517578,77.37999725341797,77.43000030517578,667600,0.0,0.0
2019-10-18 00:00:00-04:00,77.63999938964844,79.37999725341797,77.25,77.76000213623047,863000,0.0,0.0
2019-10-21 00:00:00-04:00,77.88999938964844,78.69000244140625,77.01000213623047,78.58999633789062,851200,0.0,0.0
2019-10-22 00:00:00-04:00,78.76000213623047,80.37000274658203,78.36000061035156,78.51000213623047,848400,0.0,0.0
2019-10-23 00:00:00-04:00,78.66999816894531,79.36000061035156,77.91999816894531,78.0999984741211,645300,0.0,0.0
2019-10-24 00:00:00-04:00,78.18000030517578,78.18000030517578,76.7300033569336,77.5,618800,0.0,0.0
2019-10-25 00:00:00-04:00,76.41000366210938,78.20999908447266,76.2699966430664,77.55000305175781,749300,0.0,0.0
2019-10-28 00:00:00-04:00,77.79000091552734,79.97000122070312,77.38999938964844,79.86000061035156,1429300,0.0,0.0
2019-10-29 00:00:00-04:00,80.0,85.0,78.25,83.3499984741211,2051000,0.0,0.0
2019-10-30 00:00:00-04:00,83.05999755859375,84.05000305175781,82.86000061035156,83.66000366210938,962500,0.0,0.0
2019-10-31 00:00:00-04:00,83.77999877929688,84.72000122070312,82.72000122070312,83.91999816894531,1141600,0.0,0.0
2019-11-01 00:00:00-04:00,84.13999938964844,85.11000061035156,82.87000274658203,83.58000183105469,1181500,0.0,0.0
2019-11-04 00:00:00-05:00,84.36000061035156,84.94999694824219,83.38999938964844,84.43000030517578,1072200,0.0,0.0
2019-11-05 00:00:00-05:00,84.29000091552734,85.38999938964844,84.0199966430664,84.12999725341797,808100,0.0,0.0
2019-11-06 00:00:00-05:00,84.05999755859375,84.56999969482422,83.5199966430664,83.68000030517578,874700,0.0,0.0
2019-11-07 00:00:00-05:00,83.83999633789062,84.61000061035156,82.45999908447266,82.76000213623047,704200,0.0,0.0
2019-11-08 00:00:00-05:00,82.23999786376953,85.52999877929688,81.8499984741211,85.0999984741211,870200,0.0,0.0
2019-11-11 00:00:00-05:00,85.11000061035156,85.61000061035156,84.26000213623047,84.86000061035156,571600,0.0,0.0
2019-11-12 00:00:00-05:00,84.87999725341797,86.52999877929688,84.31999969482422,86.13999938964844,963300,0.0,0.0
2019-11-13 00:00:00-05:00,85.94999694824219,87.83999633789062,85.04000091552734,87.43000030517578,1176100,0.0,0.0
2019-11-14 00:00:00-05:00,87.55999755859375,87.7699966430664,85.73999786376953,85.79000091552734,1131800,0.0,0.0
2019-11-15 00:00:00-05:00,86.45999908447266,87.2300033569336,85.98999786376953,86.69999694824219,1236900,0.0,0.0
2019-11-18 00:00:00-05:00,86.5,88.0,86.3499984741211,87.48999786376953,892100,0.0,0.0
2019-11-19 00:00:00-05:00,87.8499984741211,88.62999725341797,87.62999725341797,87.94000244140625,1184500,0.0,0.0
2019-11-20 00:00:00-05:00,87.7300033569336,90.0,87.22000122070312,88.9000015258789,1672800,0.0,0.0
2019-11-21 00:00:00-05:00,89.5,89.69999694824219,87.8499984741211,88.4000015258789,1046300,0.0,0.0
2019-11-22 00:00:00-05:00,89.29000091552734,89.93000030517578,88.08000183105469,88.7300033569336,1751300,0.0,0.0
2019-11-25 00:00:00-05:00,89.77999877929688,94.4800033569336,89.62000274658203,94.0,2346900,0.0,0.0
2019-11-26 00:00:00-05:00,94.0,94.19999694824219,92.37000274658203,93.76000213623047,1423500,0.0,0.0
2019-11-27 00:00:00-05:00,94.41000366210938,94.75,93.75,94.12000274658203,865500,0.0,0.0
2019-11-29 00:00:00-05:00,94.88999938964844,95.0,93.81999969482422,94.16000366210938,700600,0.0,0.0
2019-12-02 00:00:00-05:00,94.81999969482422,95.36000061035156,93.2699966430664,94.47000122070312,1198900,0.0,0.0
2019-12-03 00:00:00-05:00,94.19999694824219,94.63999938964844,92.6500015258789,94.0999984741211,1436700,0.0,0.0
2019-12-04 00:00:00-05:00,93.80999755859375,95.38999938964844,93.22000122070312,95.0,1344700,0.0,0.0
2019-12-05 00:00:00-05:00,95.13999938964844,95.44999694824219,93.56999969482422,93.98999786376953,979700,0.0,0.0
2019-12-06 00:00:00-05:00,94.54000091552734,94.8499984741211,93.36000061035156,94.4800033569336,941500,0.0,0.0
2019-12-09 00:00:00-05:00,94.5999984741211,95.44000244140625,94.36000061035156,94.79000091552734,954200,0.0,0.0
2019-12-10 00:00:00-05:00,94.63999938964844,96.58999633789062,94.16000366210938,95.72000122070312,1186100,0.0,0.0
2019-12-11 00:00:00-05:00,96.0199966430664,96.79000091552734,94.47000122070312,94.93000030517578,946000,0.0,0.0
2019-12-12 00:00:00-05:00,94.66999816894531,95.08000183105469,92.79000091552734,92.8499984741211,3144500,0.0,0.0
2019-12-13 00:00:00-05:00,91.58000183105469,92.52999877929688,89.16000366210938,91.51000213623047,1849700,0.0,0.0
2019-12-16 00:00:00-05:00,91.61000061035156,93.3499984741211,91.61000061035156,92.66000366210938,1720500,0.0,0.0
2019-12-17 00:00:00-05:00,93.43000030517578,93.43000030517578,90.97000122070312,91.30999755859375,1421200,0.0,0.0
2019-12-18 00:00:00-05:00,90.83999633789062,91.98999786376953,90.69999694824219,91.18000030517578,1445600,0.0,0.0
2019-12-19 00:00:00-05:00,90.9000015258789,91.54000091552734,90.9000015258789,91.13999938964844,1488400,0.0,0.0
2019-12-20 00:00:00-05:00,92.01000213623047,92.04000091552734,89.41000366210938,90.0999984741211,4175500,0.0,0.0
2019-12-23 00:00:00-05:00,90.68000030517578,90.69000244140625,88.36000061035156,90.16000366210938,2324000,0.0,0.0
2019-12-24 00:00:00-05:00,90.47000122070312,91.54000091552734,89.93000030517578,91.43000030517578,526400,0.0,0.0
2019-12-26 00:00:00-05:00,91.19999694824219,91.5199966430664,88.4800033569336,88.79000091552734,1057700,0.0,0.0
2019-12-27 00:00:00-05:00,89.16999816894531,89.22000122070312,87.29000091552734,88.38999938964844,1296300,0.0,0.0
2019-12-30 00:00:00-05:00,88.2699966430664,88.80999755859375,87.61000061035156,88.05000305175781,733000,0.0,0.0
2019-12-31 00:00:00-05:00,87.69999694824219,88.1500015258789,86.97000122070312,87.31999969482422,929800,0.0,0.0
2020-01-02 00:00:00-05:00,86.91000366210938,87.97000122070312,85.36000061035156,85.97000122070312,1679600,0.0,0.0
2020-01-03 00:00:00-05:00,76.1500015258789,78.0999984741211,75.16000366210938,77.9000015258789,5529300,0.0,0.0
2020-01-06 00:00:00-05:00,77.2699966430664,77.43000030517578,75.5199966430664,77.33999633789062,2817200,0.0,0.0
2020-01-07 00:00:00-05:00,77.27999877929688,77.62000274658203,76.16000366210938,77.13999938964844,1536000,0.0,0.0
2020-01-08 00:00:00-05:00,77.29000091552734,77.44999694824219,76.08000183105469,76.52999877929688,1698500,0.0,0.0
2020-01-09 00:00:00-05:00,76.5,78.69000244140625,76.5,77.94999694824219,1977600,0.0,0.0
2020-01-10 00:00:00-05:00,77.69999694824219,78.25,76.31999969482422,76.47000122070312,1204000,0.0,0.0
2020-01-13 00:00:00-05:00,76.58000183105469,77.91999816894531,75.80999755859375,77.0999984741211,1938100,0.0,0.0
2020-01-14 00:00:00-05:00,77.37999725341797,81.63999938964844,77.0999984741211,81.47000122070312,2830600,0.0,0.0
2020-01-15 00:00:00-05:00,81.12000274658203,82.37999725341797,80.29000091552734,80.54000091552734,1105100,0.0,0.0
2020-01-16 00:00:00-05:00,81.08000183105469,81.56999969482422,80.29000091552734,80.62000274658203,1343500,0.0,0.0
2020-01-17 00:00:00-05:00,80.9800033569336,81.11000061035156,80.05000305175781,80.5,1418500,0.0,0.0
2020-01-21 00:00:00-05:00,80.16999816894531,80.26000213623047,78.45999908447266,78.6500015258789,1228500,0.0,0.0
2020-01-22 00:00:00-05:00,78.83000183105469,79.52999877929688,78.22000122070312,78.4800033569336,845400,0.0,0.0
2020-01-23 00:00:00-05:00,78.56999969482422,78.93000030517578,77.44999694824219,78.23999786376953,1167100,0.0,0.0
2020-01-24 00:00:00-05:00,78.1500015258789,78.76000213623047,75.83000183105469,76.73999786376953,1299000,0.0,0.0
2020-01-27 00:00:00-05:00,75.68000030517578,76.43000030517578,75.23999786376953,76.06999969482422,1097500,0.0,0.0
2020-01-28 00:00:00-05:00,79.0,79.05999755859375,75.37000274658203,76.45999908447266,2016300,0.0,0.0
2020-01-29 00:00:00-05:00,76.08999633789062,76.3499984741211,74.81999969482422,74.98999786376953,1270200,0.0,0.0
2020-01-30 00:00:00-05:00,74.55000305175781,74.55000305175781,72.97000122070312,73.13999938964844,1482000,0.0,0.0
2020-01-31 00:00:00-05:00,72.55000305175781,73.5999984741211,71.83999633789062,73.06999969482422,1480100,0.0,0.0
2020-02-03 00:00:00-05:00,73.94999694824219,74.0999984741211,72.56999969482422,72.94000244140625,1258200,0.0,0.0
2020-02-04 00:00:00-05:00,73.7300033569336,74.5199966430664,73.0,73.87999725341797,1066800,0.0,0.0
2020-02-05 00:00:00-05:00,74.55999755859375,77.33000183105469,74.5,76.0,1384700,0.0,0.0
2020-02-06 00:00:00-05:00,76.19000244140625,76.19000244140625,74.66000366210938,75.80999755859375,906800,0.0,0.0
2020-02-07 00:00:00-05:00,75.66000366210938,75.73999786376953,74.08000183105469,74.13999938964844,843100,0.0,0.0
2020-02-10 00:00:00-05:00,73.66000366210938,75.26000213623047,73.51000213623047,75.11000061035156,849700,0.0,0.0
2020-02-11 00:00:00-05:00,75.27999877929688,76.77999877929688,75.16000366210938,76.13999938964844,985500,0.0,0.0
2020-02-12 00:00:00-05:00,76.4000015258789,77.16000366210938,75.25,75.83000183105469,2120000,0.0,0.0
2020-02-13 00:00:00-05:00,77.5999984741211,78.44000244140625,75.01000213623047,78.05000305175781,2227400,0.0,0.0
2020-02-14 00:00:00-05:00,78.01000213623047,78.45999908447266,77.44999694824219,78.44999694824219,1370200,0.0,0.0
2020-02-18 00:00:00-05:00,79.0,79.33000183105469,78.12999725341797,79.30000305175781,1209900,0.0,0.0
2020-02-19 00:00:00-05:00,79.69000244140625,82.58999633789062,79.63999938964844,82.41999816894531,1895400,0.0,0.0
2020-02-20 00:00:00-05:00,82.0,83.12000274658203,80.93000030517578,82.7699966430664,2653300,0.0,0.0
2020-02-21 00:00:00-05:00,82.27999877929688,82.73999786376953,80.37999725341797,80.88999938964844,1414000,0.0,0.0
2020-02-24 00:00:00-05:00,79.87999725341797,80.30999755859375,77.41999816894531,78.87000274658203,1366400,0.0,0.0
2020-02-25 00:00:00-05:00,79.05999755859375,79.69000244140625,76.7699966430664,77.31999969482422,2174600,0.0,0.0
2020-02-26 00:00:00-05:00,78.05999755859375,79.22000122070312,76.97000122070312,77.97000122070312,1442300,0.0,0.0
2020-02-27 00:00:00-05:00,76.94999694824219,78.37999725341797,75.63999938964844,75.83999633789062,1641700,0.0,0.0
2020-02-28 00:00:00-05:00,73.69000244140625,76.44000244140625,73.5,75.41000366210938,2525000,0.0,0.0
2020-03-02 00:00:00-05:00,75.7300033569336,79.0999984741211,75.3499984741211,79.05999755859375,2261300,0.0,0.0
2020-03-03 00:00:00-05:00,78.55000305175781,79.7699966430664,76.62999725341797,77.80000305175781,1939400,0.0,0.0
2020-03-04 00:00:00-05:00,79.1500015258789,80.23999786376953,77.8499984741211,80.16000366210938,2043800,0.0,0.0
2020-03-05 00:00:00-05:00,78.3499984741211,80.1500015258789,78.0,78.61000061035156,1430200,0.0,0.0
2020-03-06 00:00:00-05:00,75.18000030517578,76.9000015258789,74.81999969482422,76.04000091552734,1800100,0.0,0.0
2020-03-09 00:00:00-04:00,72.47000122070312,73.48999786376953,71.0199966430664,71.08999633789062,2063100,0.0,0.0
2020-03-10 00:00:00-04:00,72.69000244140625,74.31999969482422,70.2699966430664,74.30999755859375,2933100,0.0,0.0
2020-03-11 00:00:00-04:00,72.18000030517578,73.88999938964844,70.97000122070312,71.9000015258789,2347100,0.0,0.0
2020-03-12 00:00:00-04:00,68.1500015258789,71.54000091552734,67.93000030517578,68.0199966430664,4007600,0.0,0.0
2020-03-13 00:00:00-04:00,69.55000305175781,74.0,69.55000305175781,73.83999633789062,3552500,0.0,0.0
2020-03-16 00:00:00-04:00,67.94999694824219,75.33999633789062,67.12999725341797,71.5999984741211,3589000,0.0,0.0
2020-03-17 00:00:00-04:00,73.11000061035156,76.4800033569336,69.86000061035156,70.37000274658203,3429600,0.0,0.0
2020-03-18 00:00:00-04:00,67.9000015258789,72.87000274658203,63.349998474121094,66.9000015258789,2667800,0.0,0.0
2020-03-19 00:00:00-04:00,66.30000305175781,67.80999755859375,63.95000076293945,66.51000213623047,2650700,0.0,0.0
2020-03-20 00:00:00-04:00,67.26000213623047,72.41999816894531,66.51000213623047,66.95999908447266,2726500,0.0,0.0
2020-03-23 00:00:00-04:00,67.69999694824219,68.5999984741211,62.47999954223633,63.18000030517578,2447200,0.0,0.0
2020-03-24 00:00:00-04:00,65.38999938964844,68.02999877929688,63.290000915527344,67.43000030517578,2794000,0.0,0.0
2020-03-25 00:00:00-04:00,66.75,71.4800033569336,65.70999908447266,69.58999633789062,2500100,0.0,0.0
2020-03-26 00:00:00-04:00,68.69999694824219,73.27999877929688,68.69999694824219,73.05000305175781,1855700,0.0,0.0
2020-03-27 00:00:00-04:00,71.19999694824219,72.16000366210938,68.55000305175781,68.95999908447266,1463900,0.0,0.0
2020-03-30 00:00:00-04:00,70.19999694824219,72.52999877929688,69.25,72.16999816894531,2023200,0.0,0.0
2020-03-31 00:00:00-04:00,71.44000244140625,73.88999938964844,70.5199966430664,73.2300033569336,1695300,0.0,0.0
2020-04-01 00:00:00-04:00,72.05000305175781,74.83999633789062,71.52999877929688,74.18000030517578,1966300,0.0,0.0
2020-04-02 00:00:00-04:00,73.51000213623047,77.41999816894531,73.51000213623047,77.06999969482422,1513500,0.0,0.0
2020-04-03 00:00:00-04:00,77.58999633789062,79.48999786376953,77.23999786376953,78.58999633789062,2222200,0.0,0.0
2020-04-06 00:00:00-04:00,80.55000305175781,85.25,80.25,85.11000061035156,3234100,0.0,0.0
2020-04-07 00:00:00-04:00,86.20999908447266,87.8499984741211,85.12999725341797,86.66000366210938,2971500,0.0,0.0
2020-04-08 00:00:00-04:00,86.73999786376953,88.58999633789062,85.94999694824219,87.75,2086000,0.0,0.0
2020-04-09 00:00:00-04:00,87.33999633789062,87.98999786376953,85.16999816894531,86.80999755859375,1810500,0.0,0.0
2020-04-13 00:00:00-04:00,85.68000030517578,88.23999786376953,85.68000030517578,88.01000213623047,1452100,0.0,0.0
2020-04-14 00:00:00-04:00,88.23999786376953,91.73999786376953,88.23999786376953,91.27999877929688,1937700,0.0,0.0
2020-04-15 00:00:00-04:00,89.22000122070312,91.79000091552734,88.93000030517578,90.94999694824219,1642200,0.0,0.0
2020-04-16 00:00:00-04:00,91.98999786376953,96.13999938964844,91.43000030517578,95.66000366210938,3501100,0.0,0.0
2020-04-17 00:00:00-04:00,97.83000183105469,100.2699966430664,96.16000366210938,100.0,3859300,0.0,0.0
2020-04-20 00:00:00-04:00,99.80000305175781,102.41999816894531,99.30000305175781,101.19000244140625,2422600,0.0,0.0
2020-04-21 00:00:00-04:00,99.5,100.75,97.9000015258789,99.45999908447266,2620700,0.0,0.0
2020-04-22 00:00:00-04:00,100.29000091552734,101.98999786376953,99.55999755859375,100.97000122070312,1612300,0.0,0.0
2020-04-23 00:00:00-04:00,101.41000366210938,104.19999694824219,100.55000305175781,101.9000015258789,1262700,0.0,0.0
2020-04-24 00:00:00-04:00,102.73999786376953,103.95999908447266,101.61000061035156,103.4800033569336,1535500,0.0,0.0
2020-04-27 00:00:00-04:00,104.0,104.80999755859375,102.4000015258789,102.9800033569336,1249700,0.0,0.0
2020-04-28 00:00:00-04:00,104.27999877929688,104.36000061035156,96.69999694824219,97.66999816894531,2779100,0.0,0.0
2020-04-29 00:00:00-04:00,98.13999938964844,98.94000244140625,95.18000030517578,95.95999908447266,1779900,0.0,0.0
2020-04-30 00:00:00-04:00,95.69000244140625,98.3499984741211,95.02999877929688,97.66000366210938,1564300,0.0,0.0
2020-05-01 00:00:00-04:00,97.25,98.20999908447266,96.19999694824219,97.30000305175781,1279300,0.0,0.0
2020-05-04 00:00:00-04:00,97.70999908447266,101.37999725341797,97.70999908447266,100.98999786376953,1502100,0.0,0.0
2020-05-05 00:00:00-04:00,99.3499984741211,100.5199966430664,97.01000213623047,98.81999969482422,1850100,0.0,0.0
2020-05-06 00:00:00-04:00,96.83999633789062,97.87000274658203,95.37999725341797,96.08000183105469,1556900,0.0,0.0
2020-05-07 00:00:00-04:00,97.16000366210938,97.81999969482422,95.5999984741211,96.47000122070312,1327300,0.0,0.0
2020-05-08 00:00:00-04:00,96.87999725341797,96.93000030517578,94.66999816894531,95.91999816894531,1198600,0.0,0.0
2020-05-11 00:00:00-04:00,96.08999633789062,99.6500015258789,95.66000366210938,99.33000183105469,1534400,0.0,0.0
2020-05-12 00:00:00-04:00,100.0,100.13999938964844,96.73999786376953,96.73999786376953,1618100,0.0,0.0
2020-05-13 00:00:00-04:00,96.9800033569336,98.66000366210938,95.33000183105469,96.44999694824219,1648900,0.0,0.0
2020-05-14 00:00:00-04:00,95.8499984741211,96.51000213623047,93.86000061035156,94.83000183105469,1085500,0.0,0.0
2020-05-15 00:00:00-04:00,94.08999633789062,96.1500015258789,93.22000122070312,96.12000274658203,1228800,0.0,0.0
2020-05-18 00:00:00-04:00,97.87999725341797,98.80999755859375,96.26000213623047,96.45999908447266,1160200,0.0,0.0
2020-05-19 00:00:00-04:00,97.33000183105469,97.4800033569336,94.36000061035156,94.91999816894531,961700,0.0,0.0
2020-05-20 00:00:00-04:00,95.43000030517578,98.48999786376953,93.63999938964844,98.31999969482422,1765700,0.0,0.0
2020-05-21 00:00:00-04:00,98.48999786376953,98.93000030517578,96.97000122070312,98.68000030517578,1462600,0.0,0.0
2020-05-22 00:00:00-04:00,97.66999816894531,99.80000305175781,97.44999694824219,99.37000274658203,1320500,0.0,0.0
2020-05-26 00:00:00-04:00,100.41000366210938,101.87999725341797,98.11000061035156,98.68000030517578,3190300,0.0,0.0
2020-05-27 00:00:00-04:00,98.7300033569336,99.80999755859375,96.62000274658203,98.22000122070312,2432600,0.0,0.0
2020-05-28 00:00:00-04:00,98.36000061035156,102.9800033569336,98.0199966430664,100.55000305175781,1659500,0.0,0.0
2020-05-29 00:00:00-04:00,101.20999908447266,102.56999969482422,99.56999969482422,101.91000366210938,3120400,0.0,0.0
2020-06-01 00:00:00-04:00,101.69999694824219,102.58000183105469,100.5199966430664,101.75,1345200,0.0,0.0
2020-06-02 00:00:00-04:00,101.12000274658203,102.16999816894531,99.16999816894531,100.9000015258789,1902000,0.0,0.0
2020-06-03 00:00:00-04:00,100.80999755859375,100.80999755859375,97.55000305175781,98.83000183105469,1630000,0.0,0.0
2020-06-04 00:00:00-04:00,98.19000244140625,99.3499984741211,93.4800033569336,93.80000305175781,1528700,0.0,0.0
2020-06-05 00:00:00-04:00,93.16999816894531,96.31999969482422,90.16999816894531,93.51000213623047,1599700,0.0,0.0
2020-06-08 00:00:00-04:00,91.87000274658203,94.5999984741211,91.05000305175781,94.58000183105469,1387500,0.0,0.0
2020-06-09 00:00:00-04:00,95.08999633789062,95.16999816894531,92.5,93.0,1199000,0.0,0.0
2020-06-10 00:00:00-04:00,94.19000244140625,95.04000091552734,92.97000122070312,93.04000091552734,1318300,0.0,0.0
2020-06-11 00:00:00-04:00,93.38999938964844,93.87999725341797,90.68000030517578,90.80999755859375,1934600,0.0,0.0
2020-06-12 00:00:00-04:00,92.3499984741211,93.69000244140625,89.95999908447266,92.06999969482422,1079800,0.0,0.0
2020-06-15 00:00:00-04:00,90.48999786376953,93.94999694824219,90.47000122070312,93.51000213623047,1281600,0.0,0.0
2020-06-16 00:00:00-04:00,94.44999694824219,95.61000061035156,93.30999755859375,95.52999877929688,1175000,0.0,0.0
2020-06-17 00:00:00-04:00,96.23999786376953,97.2699966430664,95.0,96.27999877929688,962300,0.0,0.0
2020-06-18 00:00:00-04:00,96.27999877929688,97.93000030517578,95.86000061035156,97.36000061035156,999500,0.0,0.0
2020-06-19 00:00:00-04:00,98.33999633789062,106.26000213623047,97.83000183105469,105.4000015258789,3731800,0.0,0.0
2020-06-22 00:00:00-04:00,104.83999633789062,109.13999938964844,104.38999938964844,108.93000030517578,2497400,0.0,0.0
2020-06-23 00:00:00-04:00,109.45999908447266,110.25,106.02999877929688,106.5199966430664,1945600,0.0,0.0
2020-06-24 00:00:00-04:00,105.6500015258789,107.86000061035156,104.0,104.33000183105469,1636800,0.0,0.0
2020-06-25 00:00:00-04:00,105.08000183105469,106.06999969482422,103.6500015258789,105.94999694824219,1315400,0.0,0.0
2020-06-26 00:00:00-04:00,105.30000305175781,105.56999969482422,100.80000305175781,101.43000030517578,2124000,0.0,0.0
2020-06-29 00:00:00-04:00,101.4800033569336,103.87000274658203,100.08000183105469,102.4800033569336,1075700,0.0,0.0
2020-06-30 00:00:00-04:00,102.52999877929688,104.52999877929688,101.66999816894531,103.97000122070312,1131600,0.0,0.0
2020-07-01 00:00:00-04:00,103.98999786376953,104.62000274658203,101.33000183105469,102.6500015258789,1312600,0.0,0.0
2020-07-02 00:00:00-04:00,102.81999969482422,107.37999725341797,102.5199966430664,106.47000122070312,1438200,0.0,0.0
2020-07-06 00:00:00-04:00,106.58000183105469,108.4800033569336,105.5199966430664,107.79000091552734,1364900,0.0,0.0
2020-07-07 00:00:00-04:00,107.7300033569336,110.37000274658203,106.87000274658203,108.6500015258789,1601900,0.0,0.0
2020-07-08 00:00:00-04:00,108.55999755859375,109.55000305175781,107.37000274658203,108.2699966430664,735600,0.0,0.0
2020-07-09 00:00:00-04:00,108.0,109.19000244140625,105.48999786376953,107.87000274658203,1020100,0.0,0.0
2020-07-10 00:00:00-04:00,107.73999786376953,108.16999816894531,104.54000091552734,104.76000213623047,794600,0.0,0.0
2020-07-13 00:00:00-04:00,104.5199966430664,105.0,100.0199966430664,100.55999755859375,1478900,0.0,0.0
2020-07-14 00:00:00-04:00,100.19999694824219,103.2300033569336,97.83000183105469,103.0199966430664,1684900,0.0,0.0
2020-07-15 00:00:00-04:00,103.26000213623047,104.97000122070312,102.58999633789062,104.25,1790200,0.0,0.0
2020-07-16 00:00:00-04:00,103.83000183105469,103.83000183105469,99.8499984741211,101.58000183105469,938700,0.0,0.0
2020-07-17 00:00:00-04:00,102.31999969482422,104.58000183105469,100.95999908447266,104.11000061035156,2503600,0.0,0.0
2020-07-20 00:00:00-04:00,105.19000244140625,110.01000213623047,105.01000213623047,109.69000244140625,1388400,0.0,0.0
2020-07-21 00:00:00-04:00,109.66999816894531,109.66999816894531,106.45999908447266,106.6500015258789,1077400,0.0,0.0
2020-07-22 00:00:00-04:00,107.05999755859375,107.73999786376953,104.05000305175781,105.37000274658203,804200,0.0,0.0
2020-07-23 00:00:00-04:00,106.33000183105469,107.08999633789062,101.41000366210938,101.68000030517578,1154100,0.0,0.0
2020-07-24 00:00:00-04:00,100.72000122070312,101.41999816894531,98.29000091552734,99.41999816894531,852300,0.0,0.0
2020-07-27 00:00:00-04:00,100.1500015258789,102.68000030517578,100.1500015258789,102.08999633789062,1038200,0.0,0.0
2020-07-28 00:00:00-04:00,101.76000213623047,102.31999969482422,100.19999694824219,100.61000061035156,732200,0.0,0.0
2020-07-29 00:00:00-04:00,101.08999633789062,101.55000305175781,97.80000305175781,98.04000091552734,986300,0.0,0.0
2020-07-30 00:00:00-04:00,97.31999969482422,100.97000122070312,97.12999725341797,100.51000213623047,1431000,0.0,0.0
2020-07-31 00:00:00-04:00,100.38999938964844,101.1500015258789,98.05999755859375,98.76000213623047,1115400,0.0,0.0
2020-08-03 00:00:00-04:00,100.94999694824219,102.61000061035156,98.9000015258789,101.79000091552734,1942800,0.0,0.0
2020-08-04 00:00:00-04:00,101.0,101.95999908447266,96.88999938964844,99.94999694824219,1977700,0.0,0.0
2020-08-05 00:00:00-04:00,100.0,101.0,96.25,97.62000274658203,1390000,0.0,0.0
2020-08-06 00:00:00-04:00,97.80000305175781,98.5,96.91999816894531,97.25,964200,0.0,0.0
2020-08-07 00:00:00-04:00,97.25,98.3499984741211,95.93000030517578,96.93000030517578,760500,0.0,0.0
2020-08-10 00:00:00-04:00,96.76000213623047,97.16000366210938,92.94000244140625,94.31999969482422,1208100,0.0,0.0
2020-08-11 00:00:00-04:00,94.12000274658203,95.05999755859375,92.83999633789062,92.9800033569336,1571300,0.0,0.0
2020-08-12 00:00:00-04:00,93.05000305175781,94.80000305175781,93.01000213623047,94.22000122070312,739000,0.0,0.0
2020-08-13 00:00:00-04:00,94.58999633789062,95.58999633789062,94.27999877929688,95.55999755859375,513100,0.0,0.0
2020-08-14 00:00:00-04:00,95.62000274658203,96.41999816894531,94.27999877929688,94.87000274658203,900700,0.0,0.0
2020-08-17 00:00:00-04:00,95.30000305175781,97.80000305175781,95.30000305175781,97.4800033569336,1058600,0.0,0.0
2020-08-18 00:00:00-04:00,97.51000213623047,97.97000122070312,96.1500015258789,97.55999755859375,962700,0.0,0.0
2020-08-19 00:00:00-04:00,96.95999908447266,98.19999694824219,96.16000366210938,96.2699966430664,1208300,0.0,0.0
2020-08-20 00:00:00-04:00,96.05000305175781,96.0999984741211,94.4800033569336,95.52999877929688,921600,0.0,0.0
2020-08-21 00:00:00-04:00,95.5,95.69000244140625,93.3499984741211,94.11000061035156,2559600,0.0,0.0
2020-08-24 00:00:00-04:00,94.55999755859375,94.94999694824219,92.94000244140625,94.04000091552734,849600,0.0,0.0
2020-08-25 00:00:00-04:00,94.04000091552734,95.45999908447266,93.5999984741211,95.30999755859375,583900,0.0,0.0
2020-08-26 00:00:00-04:00,94.0199966430664,94.93000030517578,92.93000030517578,93.75,687700,0.0,0.0
2020-08-27 00:00:00-04:00,94.41000366210938,95.48999786376953,93.5,94.30000305175781,744100,0.0,0.0
2020-08-28 00:00:00-04:00,94.12999725341797,94.55999755859375,93.55999755859375,93.9000015258789,675700,0.0,0.0
2020-08-31 00:00:00-04:00,93.79000091552734,96.76000213623047,93.5,96.3499984741211,876500,0.0,0.0
2020-09-01 00:00:00-04:00,95.62000274658203,95.95999908447266,92.26000213623047,92.97000122070312,980400,0.0,0.0
2020-09-02 00:00:00-04:00,93.08999633789062,95.51000213623047,92.7699966430664,95.44000244140625,807200,0.0,0.0
2020-09-03 00:00:00-04:00,95.9800033569336,95.9800033569336,90.61000061035156,91.56999969482422,1515300,0.0,0.0
2020-09-04 00:00:00-04:00,91.62999725341797,91.66000366210938,88.9000015258789,90.48999786376953,962500,0.0,0.0
2020-09-08 00:00:00-04:00,88.94000244140625,91.30999755859375,88.68000030517578,89.7300033569336,1093100,0.0,0.0
2020-09-09 00:00:00-04:00,90.19999694824219,92.08999633789062,89.08999633789062,91.51000213623047,1078000,0.0,0.0
2020-09-10 00:00:00-04:00,90.83000183105469,91.94999694824219,88.0,88.26000213623047,900100,0.0,0.0
2020-09-11 00:00:00-04:00,89.04000091552734,90.3499984741211,87.41000366210938,88.0,803400,0.0,0.0
2020-09-14 00:00:00-04:00,91.0,94.55000305175781,90.05000305175781,93.1500015258789,1429100,0.0,0.0
2020-09-15 00:00:00-04:00,93.5,93.69999694824219,90.98999786376953,91.43000030517578,857500,0.0,0.0
2020-09-16 00:00:00-04:00,92.5999984741211,92.98999786376953,89.8499984741211,89.94000244140625,1059100,0.0,0.0
2020-09-17 00:00:00-04:00,86.62000274658203,91.11000061035156,86.5,90.41999816894531,1392700,0.0,0.0
2020-09-18 00:00:00-04:00,90.76000213623047,91.0,85.6500015258789,86.79000091552734,3301700,0.0,0.0
2020-09-21 00:00:00-04:00,86.37000274658203,86.77999877929688,84.80999755859375,85.38999938964844,1472200,0.0,0.0
2020-09-22 00:00:00-04:00,85.87999725341797,87.08999633789062,84.9000015258789,86.93000030517578,954400,0.0,0.0
2020-09-23 00:00:00-04:00,86.69999694824219,87.91000366210938,85.7699966430664,85.97000122070312,935700,0.0,0.0
2020-09-24 00:00:00-04:00,84.98999786376953,85.30999755859375,82.9800033569336,85.06999969482422,1035700,0.0,0.0
2020-09-25 00:00:00-04:00,84.68000030517578,87.3499984741211,84.05999755859375,86.55000305175781,1378100,0.0,0.0
2020-09-28 00:00:00-04:00,87.70999908447266,90.44999694824219,87.37000274658203,90.36000061035156,1445300,0.0,0.0
2020-09-29 00:00:00-04:00,90.22000122070312,90.4800033569336,87.26000213623047,87.43000030517578,1136900,0.0,0.0
2020-09-30 00:00:00-04:00,87.87000274658203,90.79000091552734,87.87000274658203,89.73999786376953,1333600,0.0,0.0
2020-10-01 00:00:00-04:00,90.0999984741211,93.08000183105469,89.9800033569336,92.43000030517578,1280500,0.0,0.0
2020-10-02 00:00:00-04:00,91.19000244140625,91.91000366210938,87.25,88.75,1261300,0.0,0.0
2020-10-05 00:00:00-04:00,89.26000213623047,92.44999694824219,89.26000213623047,92.30000305175781,1095700,0.0,0.0
2020-10-06 00:00:00-04:00,91.97000122070312,92.33999633789062,88.31999969482422,88.5999984741211,1094100,0.0,0.0
2020-10-07 00:00:00-04:00,89.68000030517578,91.18000030517578,88.62000274658203,90.44999694824219,925300,0.0,0.0
2020-10-08 00:00:00-04:00,90.70999908447266,93.22000122070312,90.08999633789062,92.77999877929688,1127000,0.0,0.0
2020-10-09 00:00:00-04:00,92.98999786376953,96.77999877929688,92.5999984741211,95.73999786376953,1583900,0.0,0.0
2020-10-12 00:00:00-04:00,97.02999877929688,98.47000122070312,95.58000183105469,97.69999694824219,1240200,0.0,0.0
2020-10-13 00:00:00-04:00,97.26000213623047,98.12000274658203,96.08999633789062,97.08000183105469,1033300,0.0,0.0
2020-10-14 00:00:00-04:00,94.43000030517578,97.41999816894531,93.23999786376953,93.3499984741211,1086000,0.0,0.0
2020-10-15 00:00:00-04:00,91.30000305175781,92.87999725341797,90.22000122070312,90.52999877929688,884200,0.0,0.0
2020-10-16 00:00:00-04:00,91.11000061035156,92.41000366210938,90.30000305175781,90.62999725341797,1084100,0.0,0.0
2020-10-19 00:00:00-04:00,91.04000091552734,91.29000091552734,86.9000015258789,87.76000213623047,1037300,0.0,0.0
2020-10-20 00:00:00-04:00,88.62000274658203,89.88999938964844,87.7699966430664,89.30999755859375,922600,0.0,0.0
2020-10-21 00:00:00-04:00,89.0999984741211,89.83999633789062,88.29000091552734,88.5999984741211,678900,0.0,0.0
2020-10-22 00:00:00-04:00,88.91999816894531,90.66999816894531,88.47000122070312,90.48999786376953,660600,0.0,0.0
2020-10-23 00:00:00-04:00,90.81999969482422,91.11000061035156,89.19000244140625,89.69000244140625,652000,0.0,0.0
2020-10-26 00:00:00-04:00,88.81999969482422,90.48999786376953,88.55999755859375,90.44000244140625,652100,0.0,0.0
2020-10-27 00:00:00-04:00,90.16999816894531,90.91999816894531,88.26000213623047,88.3499984741211,771000,0.0,0.0
2020-10-28 00:00:00-04:00,87.3499984741211,87.9000015258789,85.30999755859375,86.98999786376953,1178600,0.0,0.0
2020-10-29 00:00:00-04:00,86.94000244140625,87.98999786376953,85.4800033569336,87.0199966430664,691800,0.0,0.0
2020-10-30 00:00:00-04:00,86.55000305175781,86.83999633789062,83.44000244140625,86.63999938964844,1105300,0.0,0.0
2020-11-02 00:00:00-05:00,86.5999984741211,86.5999984741211,81.87000274658203,84.44000244140625,983900,0.0,0.0
2020-11-03 00:00:00-05:00,84.58999633789062,86.16999816894531,83.93000030517578,84.94999694824219,1085400,0.0,0.0
2020-11-04 00:00:00-05:00,87.62000274658203,92.38999938964844,87.4800033569336,91.20999908447266,2087400,0.0,0.0
2020-11-05 00:00:00-05:00,87.25,91.05000305175781,84.37000274658203,84.6500015258789,3100000,0.0,0.0
2020-11-06 00:00:00-05:00,85.16999816894531,85.19999694824219,82.36000061035156,83.1500015258789,1565900,0.0,0.0
2020-11-09 00:00:00-05:00,83.38999938964844,84.02999877929688,80.5999984741211,81.27999877929688,1795500,0.0,0.0
2020-11-10 00:00:00-05:00,80.91999816894531,84.94000244140625,80.6500015258789,83.06999969482422,1618600,0.0,0.0
2020-11-11 00:00:00-05:00,84.19999694824219,84.94000244140625,82.22000122070312,82.76000213623047,742500,0.0,0.0
2020-11-12 00:00:00-05:00,82.55999755859375,83.93000030517578,81.76000213623047,82.31999969482422,768800,0.0,0.0
2020-11-13 00:00:00-05:00,82.3499984741211,83.2300033569336,81.95999908447266,82.52999877929688,656700,0.0,0.0
2020-11-16 00:00:00-05:00,83.01000213623047,84.93000030517578,82.2300033569336,84.3499984741211,901600,0.0,0.0
2020-11-17 00:00:00-05:00,83.8499984741211,83.8499984741211,82.26000213623047,82.9800033569336,790700,0.0,0.0
2020-11-18 00:00:00-05:00,83.11000061035156,84.63999938964844,82.36000061035156,82.73999786376953,894200,0.0,0.0
2020-11-19 00:00:00-05:00,83.0999984741211,83.41999816894531,81.02999877929688,81.69000244140625,1525300,0.0,0.0
2020-11-20 00:00:00-05:00,81.75,82.16999816894531,80.01000213623047,81.93000030517578,2272400,0.0,0.0
2020-11-23 00:00:00-05:00,82.41999816894531,83.4000015258789,81.33000183105469,81.38999938964844,1178800,0.0,0.0
2020-11-24 00:00:00-05:00,81.4000015258789,82.13999938964844,80.62000274658203,80.73999786376953,1037000,0.0,0.0
2020-11-25 00:00:00-05:00,81.33999633789062,82.3499984741211,80.94999694824219,81.16000366210938,642000,0.0,0.0
2020-11-27 00:00:00-05:00,82.01000213623047,83.98999786376953,81.2300033569336,83.25,747900,0.0,0.0
2020-11-30 00:00:00-05:00,83.05000305175781,84.97000122070312,82.88999938964844,84.54000091552734,3216900,0.0,0.0
2020-12-01 00:00:00-05:00,84.45999908447266,85.7300033569336,83.75,85.41999816894531,886500,0.0,0.0
2020-12-02 00:00:00-05:00,85.61000061035156,85.61000061035156,82.01000213623047,82.2699966430664,1069500,0.0,0.0
2020-12-03 00:00:00-05:00,81.91999816894531,83.5999984741211,81.1500015258789,82.9000015258789,881500,0.0,0.0
2020-12-04 00:00:00-05:00,83.05999755859375,83.86000061035156,82.41000366210938,83.13999938964844,862600,0.0,0.0
2020-12-07 00:00:00-05:00,83.44000244140625,83.94999694824219,82.22000122070312,83.05999755859375,744500,0.0,0.0
2020-12-08 00:00:00-05:00,83.19999694824219,83.19999694824219,82.08999633789062,82.8499984741211,697200,0.0,0.0
2020-12-09 00:00:00-05:00,82.79000091552734,82.79000091552734,80.62000274658203,80.95999908447266,946000,0.0,0.0
2020-12-10 00:00:00-05:00,81.22000122070312,82.38999938964844,80.81999969482422,82.05000305175781,918900,0.0,0.0
2020-12-11 00:00:00-05:00,81.76000213623047,82.22000122070312,80.79000091552734,81.30000305175781,1004900,0.0,0.0
2020-12-14 00:00:00-05:00,83.19999694824219,87.5,82.87000274658203,86.80999755859375,1717400,0.0,0.0
2020-12-15 00:00:00-05:00,87.22000122070312,87.5199966430664,85.16999816894531,86.2699966430664,1080100,0.0,0.0
2020-12-16 00:00:00-05:00,85.93000030517578,87.29000091552734,85.5,86.2300033569336,924200,0.0,0.0
2020-12-17 00:00:00-05:00,86.97000122070312,88.36000061035156,86.31999969482422,88.27999877929688,846500,0.0,0.0
2020-12-18 00:00:00-05:00,89.02999877929688,89.33999633789062,87.44000244140625,88.33999633789062,2954500,0.0,0.0
2020-12-21 00:00:00-05:00,87.44999694824219,87.9000015258789,85.47000122070312,86.97000122070312,983400,0.0,0.0
2020-12-22 00:00:00-05:00,87.11000061035156,88.41999816894531,86.04000091552734,87.98999786376953,738300,0.0,0.0
2020-12-23 00:00:00-05:00,88.69000244140625,88.95999908447266,87.54000091552734,87.93000030517578,491100,0.0,0.0
2020-12-24 00:00:00-05:00,87.94999694824219,88.37000274658203,87.04000091552734,87.37000274658203,182100,0.0,0.0
2020-12-28 00:00:00-05:00,87.7300033569336,88.1500015258789,86.04000091552734,86.33999633789062,1210300,0.0,0.0
2020-12-29 00:00:00-05:00,87.12999725341797,87.44000244140625,85.12999725341797,85.87000274658203,739500,0.0,0.0
2020-12-30 00:00:00-05:00,86.45999908447266,89.3499984741211,86.12000274658203,86.86000061035156,594000,0.0,0.0
2020-12-31 00:00:00-05:00,86.54000091552734,87.16999816894531,85.33000183105469,86.9800033569336,561100,0.0,0.0
2021-01-04 00:00:00-05:00,86.9800033569336,87.4800033569336,83.30999755859375,86.44999694824219,1567400,0.0,0.0
2021-01-05 00:00:00-05:00,86.63999938964844,86.63999938964844,83.68000030517578,85.87000274658203,1391000,0.0,0.0
2021-01-06 00:00:00-05:00,84.79000091552734,86.0,83.12000274658203,84.30999755859375,1562900,0.0,0.0
2021-01-07 00:00:00-05:00,85.06999969482422,90.54000091552734,84.26000213623047,90.05000305175781,1405600,0.0,0.0
2021-01-08 00:00:00-05:00,90.3499984741211,94.0,90.26000213623047,93.83000183105469,1458100,0.0,0.0
2021-01-11 00:00:00-05:00,93.23999786376953,93.7699966430664,92.05999755859375,93.31999969482422,924600,0.0,0.0
2021-01-12 00:00:00-05:00,93.0999984741211,95.43000030517578,93.08000183105469,94.30999755859375,988500,0.0,0.0
2021-01-13 00:00:00-05:00,94.33999633789062,94.5,92.19000244140625,92.73999786376953,971800,0.0,0.0
2021-01-14 00:00:00-05:00,93.4000015258789,93.58000183105469,91.69999694824219,92.04000091552734,1143400,0.0,0.0
2021-01-15 00:00:00-05:00,91.63999938964844,92.5199966430664,89.31999969482422,90.55999755859375,930100,0.0,0.0
2021-01-19 00:00:00-05:00,91.31999969482422,94.58999633789062,90.81999969482422,93.95999908447266,996000,0.0,0.0
2021-01-20 00:00:00-05:00,93.9800033569336,97.18000030517578,93.72000122070312,96.37000274658203,937000,0.0,0.0
2021-01-21 00:00:00-05:00,96.4000015258789,96.41000366210938,91.9800033569336,93.9000015258789,1173200,0.0,0.0
2021-01-22 00:00:00-05:00,94.12000274658203,98.44000244140625,94.04000091552734,97.88999938964844,1435200,0.0,0.0
2021-01-25 00:00:00-05:00,98.91000366210938,101.47000122070312,98.48999786376953,100.5,1352800,0.0,0.0
2021-01-26 00:00:00-05:00,100.20999908447266,101.33000183105469,98.25,99.38999938964844,931300,0.0,0.0
2021-01-27 00:00:00-05:00,98.04000091552734,99.37999725341797,92.44999694824219,93.0,1260700,0.0,0.0
2021-01-28 00:00:00-05:00,93.69999694824219,95.0999984741211,91.16999816894531,91.2699966430664,872800,0.0,0.0
2021-01-29 00:00:00-05:00,90.98999786376953,92.16000366210938,88.63999938964844,89.75,1396700,0.0,0.0
2021-02-01 00:00:00-05:00,90.0,91.4000015258789,89.3499984741211,90.91999816894531,995900,0.0,0.0
2021-02-02 00:00:00-05:00,92.0999984741211,94.19000244140625,91.41999816894531,93.05000305175781,1423800,0.0,0.0
2021-02-03 00:00:00-05:00,93.0,93.80999755859375,90.80000305175781,90.97000122070312,896000,0.0,0.0
2021-02-04 00:00:00-05:00,91.16000366210938,92.58999633789062,90.52999877929688,90.91000366210938,881100,0.0,0.0
2021-02-05 00:00:00-05:00,91.62999725341797,91.69999694824219,90.0,90.23999786376953,1315800,0.0,0.0
2021-02-08 00:00:00-05:00,91.08000183105469,93.70999908447266,90.0999984741211,93.62000274658203,1001400,0.0,0.0
2021-02-09 00:00:00-05:00,94.33999633789062,94.5,89.23999786376953,89.45999908447266,1360100,0.0,0.0
2021-02-10 00:00:00-05:00,87.5,88.13999938964844,84.08000183105469,85.16999816894531,2253800,0.0,0.0
2021-02-11 00:00:00-05:00,86.04000091552734,86.7300033569336,84.61000061035156,84.98999786376953,1066100,0.0,0.0
2021-02-12 00:00:00-05:00,84.98999786376953,85.19999694824219,83.19999694824219,84.33000183105469,1153800,0.0,0.0
2021-02-16 00:00:00-05:00,84.98999786376953,84.98999786376953,81.8499984741211,82.12999725341797,1520100,0.0,0.0
2021-02-17 00:00:00-05:00,82.05999755859375,84.05000305175781,80.5,83.7699966430664,1957500,0.0,0.0
2021-02-18 00:00:00-05:00,83.05000305175781,83.05000305175781,79.81999969482422,81.55000305175781,1939300,0.0,0.0
2021-02-19 00:00:00-05:00,82.0199966430664,82.4800033569336,80.31999969482422,80.54000091552734,1552400,0.0,0.0
2021-02-22 00:00:00-05:00,80.0199966430664,80.48999786376953,78.91000366210938,79.91999816894531,1750300,0.0,0.0
2021-02-23 00:00:00-05:00,79.16999816894531,79.6500015258789,76.69000244140625,79.0199966430664,2487400,0.0,0.0
2021-02-24 00:00:00-05:00,79.87999725341797,82.75,79.33999633789062,80.61000061035156,1858500,0.0,0.0
2021-02-25 00:00:00-05:00,79.8499984741211,80.63999938964844,77.73999786376953,78.44999694824219,1073300,0.0,0.0
2021-02-26 00:00:00-05:00,79.16999816894531,79.63999938964844,77.7699966430664,78.66000366210938,1691500,0.0,0.0
2021-03-01 00:00:00-05:00,79.7300033569336,80.25,79.01000213623047,79.62999725341797,788900,0.0,0.0
2021-03-02 00:00:00-05:00,79.1500015258789,79.56999969482422,78.5199966430664,78.55999755859375,799700,0.0,0.0
2021-03-03 00:00:00-05:00,78.33000183105469,78.58000183105469,75.55000305175781,76.0199966430664,1425100,0.0,0.0
2021-03-04 00:00:00-05:00,75.75,78.9000015258789,75.5199966430664,77.5,1797900,0.0,0.0
2021-03-05 00:00:00-05:00,77.5999984741211,80.75,76.55999755859375,80.26000213623047,1800500,0.0,0.0
2021-03-08 00:00:00-05:00,79.79000091552734,80.91999816894531,77.69999694824219,77.83999633789062,1273700,0.0,0.0
2021-03-09 00:00:00-05:00,79.69999694824219,80.87000274658203,79.01000213623047,79.11000061035156,1290300,0.0,0.0
2021-03-10 00:00:00-05:00,79.27999877929688,80.19000244140625,77.83999633789062,78.3499984741211,1136500,0.0,0.0
2021-03-11 00:00:00-05:00,78.91000366210938,80.4800033569336,78.91000366210938,79.4800033569336,909900,0.0,0.0
2021-03-12 00:00:00-05:00,78.83999633789062,79.16000366210938,77.5,79.01000213623047,815700,0.0,0.0
2021-03-15 00:00:00-04:00,79.48999786376953,80.83999633789062,78.70999908447266,80.6500015258789,830300,0.0,0.0
2021-03-16 00:00:00-04:00,81.37999725341797,81.51000213623047,79.0,80.27999877929688,789500,0.0,0.0
2021-03-17 00:00:00-04:00,78.79000091552734,81.08000183105469,77.77999877929688,80.19999694824219,1240100,0.0,0.0
2021-03-18 00:00:00-04:00,79.36000061035156,80.04000091552734,78.01000213623047,78.25,1263600,0.0,0.0
2021-03-19 00:00:00-04:00,79.7300033569336,81.22000122070312,78.38999938964844,79.37000274658203,2610300,0.0,0.0
2021-03-22 00:00:00-04:00,78.95999908447266,82.0999984741211,78.95999908447266,81.66999816894531,2270300,0.0,0.0
2021-03-23 00:00:00-04:00,81.55000305175781,81.75,79.44000244140625,79.8499984741211,1695900,0.0,0.0
2021-03-24 00:00:00-04:00,79.36000061035156,79.66999816894531,77.68000030517578,78.4800033569336,1310400,0.0,0.0
2021-03-25 00:00:00-04:00,78.91999816894531,79.94999694824219,77.38999938964844,79.77999877929688,1044600,0.0,0.0
2021-03-26 00:00:00-04:00,79.77999877929688,81.8499984741211,79.33999633789062,81.75,1105400,0.0,0.0
2021-03-29 00:00:00-04:00,81.36000061035156,82.2300033569336,80.36000061035156,81.0999984741211,913600,0.0,0.0
2021-03-30 00:00:00-04:00,80.61000061035156,80.61000061035156,78.94999694824219,80.2300033569336,1267300,0.0,0.0
2021-03-31 00:00:00-04:00,81.01000213623047,82.30000305175781,80.47000122070312,81.2699966430664,1096700,0.0,0.0
2021-04-01 00:00:00-04:00,81.56999969482422,83.12999725341797,80.27999877929688,83.01000213623047,1135700,0.0,0.0
2021-04-05 00:00:00-04:00,82.83000183105469,83.41000366210938,82.33999633789062,83.25,914400,0.0,0.0
2021-04-06 00:00:00-04:00,83.0,83.88999938964844,82.55000305175781,83.18000030517578,913600,0.0,0.0
2021-04-07 00:00:00-04:00,83.51000213623047,83.51000213623047,81.19000244140625,81.37999725341797,1434300,0.0,0.0
2021-04-08 00:00:00-04:00,82.0,82.61000061035156,80.13999938964844,80.83000183105469,1457800,0.0,0.0
2021-04-09 00:00:00-04:00,80.80999755859375,81.2699966430664,79.55999755859375,79.95999908447266,1329300,0.0,0.0
2021-04-12 00:00:00-04:00,80.63999938964844,80.75,78.44000244140625,79.87000274658203,1305100,0.0,0.0
2021-04-13 00:00:00-04:00,80.0,81.88999938964844,80.0,80.6500015258789,1399100,0.0,0.0
2021-04-14 00:00:00-04:00,80.6500015258789,83.22000122070312,80.54000091552734,82.20999908447266,1040600,0.0,0.0
2021-04-15 00:00:00-04:00,82.87000274658203,84.16999816894531,82.44000244140625,83.19999694824219,714000,0.0,0.0
2021-04-16 00:00:00-04:00,83.62000274658203,83.87000274658203,81.5199966430664,82.68000030517578,999000,0.0,0.0
2021-04-19 00:00:00-04:00,82.79000091552734,83.72000122070312,81.66999816894531,82.66999816894531,1037200,0.0,0.0
2021-04-20 00:00:00-04:00,82.9000015258789,84.63999938964844,82.9000015258789,84.56999969482422,735600,0.0,0.0
2021-04-21 00:00:00-04:00,84.45999908447266,84.8499984741211,83.81999969482422,84.72000122070312,766100,0.0,0.0
2021-04-22 00:00:00-04:00,84.5,84.5,82.8499984741211,84.18000030517578,1338200,0.0,0.0
2021-04-23 00:00:00-04:00,84.5999984741211,85.69999694824219,83.44000244140625,85.58000183105469,1081300,0.0,0.0
2021-04-26 00:00:00-04:00,85.47000122070312,86.22000122070312,84.72000122070312,85.61000061035156,759800,0.0,0.0
2021-04-27 00:00:00-04:00,86.02999877929688,86.33999633789062,84.38999938964844,84.62999725341797,677200,0.0,0.0
2021-04-28 00:00:00-04:00,84.2699966430664,85.26000213623047,83.94999694824219,84.88999938964844,707300,0.0,0.0
2021-04-29 00:00:00-04:00,84.94999694824219,85.1500015258789,84.0199966430664,84.88999938964844,770100,0.0,0.0
2021-04-30 00:00:00-04:00,84.5,85.81999969482422,84.30999755859375,85.37999725341797,1068500,0.0,0.0
2021-05-03 00:00:00-04:00,85.4000015258789,86.02999877929688,84.5,85.5199966430664,861100,0.0,0.0
2021-05-04 00:00:00-04:00,83.48999786376953,85.19000244140625,80.7300033569336,81.02999877929688,2450900,0.0,0.0
2021-05-05 00:00:00-04:00,81.76000213623047,83.12999725341797,81.19000244140625,81.27999877929688,1666100,0.0,0.0
2021-05-06 00:00:00-04:00,81.20999908447266,82.83000183105469,80.2699966430664,82.30999755859375,1523900,0.0,0.0
2021-05-07 00:00:00-04:00,82.48999786376953,84.26000213623047,82.12000274658203,82.73999786376953,1113100,0.0,0.0
2021-05-10 00:00:00-04:00,83.0,83.51000213623047,81.38999938964844,81.38999938964844,1865000,0.0,0.0
2021-05-11 00:00:00-04:00,80.31999969482422,81.5,79.41999816894531,80.63999938964844,2845600,0.0,0.0
2021-05-12 00:00:00-04:00,79.81999969482422,83.23999786376953,79.62999725341797,82.37000274658203,1262800,0.0,0.0
2021-05-13 00:00:00-04:00,82.4800033569336,83.58999633789062,81.86000061035156,83.2300033569336,960400,0.0,0.0
2021-05-14 00:00:00-04:00,83.75,83.75,82.55000305175781,82.62000274658203,889200,0.0,0.0
2021-05-17 00:00:00-04:00,82.47000122070312,83.87000274658203,81.91000366210938,82.2699966430664,1184300,0.0,0.0
2021-05-18 00:00:00-04:00,82.1500015258789,82.97000122070312,81.30999755859375,81.77999877929688,964400,0.0,0.0
2021-05-19 00:00:00-04:00,80.81999969482422,81.77999877929688,79.70999908447266,81.70999908447266,1050800,0.0,0.0
2021-05-20 00:00:00-04:00,81.80999755859375,84.51000213623047,81.4800033569336,83.51000213623047,834900,0.0,0.0
2021-05-21 00:00:00-04:00,83.98999786376953,84.48999786376953,82.62999725341797,82.76000213623047,829000,0.0,0.0
2021-05-24 00:00:00-04:00,83.69999694824219,83.98999786376953,82.79000091552734,82.91000366210938,827600,0.0,0.0
2021-05-25 00:00:00-04:00,82.95999908447266,83.7699966430664,82.12999725341797,82.68000030517578,851600,0.0,0.0
2021-05-26 00:00:00-04:00,82.86000061035156,83.58999633789062,82.44999694824219,83.16000366210938,775900,0.0,0.0
2021-05-27 00:00:00-04:00,83.08000183105469,83.08000183105469,81.61000061035156,82.68000030517578,993300,0.0,0.0
2021-05-28 00:00:00-04:00,83.44000244140625,84.2300033569336,82.61000061035156,83.77999877929688,956100,0.0,0.0
2021-06-01 00:00:00-04:00,84.12999725341797,84.41000366210938,82.38999938964844,82.88999938964844,938800,0.0,0.0
2021-06-02 00:00:00-04:00,82.87000274658203,83.37000274658203,82.0,82.26000213623047,969100,0.0,0.0
2021-06-03 00:00:00-04:00,82.44000244140625,83.12000274658203,81.45999908447266,82.9000015258789,1004400,0.0,0.0
2021-06-04 00:00:00-04:00,83.16999816894531,84.44999694824219,82.86000061035156,83.33000183105469,1017900,0.0,0.0
2021-06-07 00:00:00-04:00,83.4800033569336,85.79000091552734,83.04000091552734,85.11000061035156,1205700,0.0,0.0
2021-06-08 00:00:00-04:00,85.87999725341797,86.30000305175781,83.97000122070312,84.80999755859375,965800,0.0,0.0
2021-06-09 00:00:00-04:00,84.7699966430664,86.33999633789062,84.69000244140625,86.19999694824219,958500,0.0,0.0
2021-06-10 00:00:00-04:00,86.37999725341797,87.6500015258789,85.63999938964844,87.52999877929688,1030900,0.0,0.0
2021-06-11 00:00:00-04:00,84.66999816894531,85.0,81.05999755859375,82.58000183105469,2683100,0.0,0.0
2021-06-14 00:00:00-04:00,82.94000244140625,83.27999877929688,81.04000091552734,82.63999938964844,1437500,0.0,0.0
2021-06-15 00:00:00-04:00,82.55000305175781,83.27999877929688,82.26000213623047,82.76000213623047,1512600,0.0,0.0
2021-06-16 00:00:00-04:00,82.91000366210938,84.08000183105469,82.2699966430664,83.12000274658203,2064200,0.0,0.0
2021-06-17 00:00:00-04:00,82.87999725341797,83.58000183105469,82.0,83.12999725341797,1457100,0.0,0.0
2021-06-18 00:00:00-04:00,83.0,84.13999938964844,82.62000274658203,83.95999908447266,2074200,0.0,0.0
2021-06-21 00:00:00-04:00,84.41999816894531,85.18000030517578,84.08999633789062,84.93000030517578,1454800,0.0,0.0
2021-06-22 00:00:00-04:00,85.1500015258789,85.98999786376953,82.44000244140625,85.08999633789062,2130300,0.0,0.0
2021-06-23 00:00:00-04:00,85.5,85.75,84.30999755859375,85.12999725341797,1200900,0.0,0.0
2021-06-24 00:00:00-04:00,85.41000366210938,86.52999877929688,84.41999816894531,86.12999725341797,1415900,0.0,0.0
2021-06-25 00:00:00-04:00,85.5199966430664,87.01000213623047,84.69000244140625,86.83000183105469,1930600,0.0,0.0
2021-06-28 00:00:00-04:00,88.12000274658203,88.26000213623047,85.31999969482422,85.61000061035156,968200,0.0,0.0
2021-06-29 00:00:00-04:00,85.20999908447266,85.97000122070312,84.51000213623047,84.69999694824219,722600,0.0,0.0
2021-06-30 00:00:00-04:00,84.87000274658203,84.98999786376953,83.86000061035156,84.12999725341797,973200,0.0,0.0
2021-07-01 00:00:00-04:00,84.08999633789062,84.5,83.12000274658203,84.0199966430664,1564000,0.0,0.0
2021-07-02 00:00:00-04:00,84.05000305175781,84.2300033569336,82.8499984741211,83.58000183105469,1034000,0.0,0.0
2021-07-06 00:00:00-04:00,83.31999969482422,83.75,82.9000015258789,83.33999633789062,1069100,0.0,0.0
2021-07-07 00:00:00-04:00,83.41999816894531,83.41999816894531,81.63999938964844,82.12999725341797,979300,0.0,0.0
2021-07-08 00:00:00-04:00,81.25,82.4800033569336,81.11000061035156,81.43000030517578,1018500,0.0,0.0
2021-07-09 00:00:00-04:00,81.1500015258789,82.12000274658203,80.44000244140625,82.04000091552734,880300,0.0,0.0
2021-07-12 00:00:00-04:00,82.04000091552734,82.44000244140625,80.88999938964844,81.18000030517578,991700,0.0,0.0
2021-07-13 00:00:00-04:00,81.13999938964844,81.56999969482422,80.25,80.62000274658203,695700,0.0,0.0
2021-07-14 00:00:00-04:00,80.80999755859375,80.9000015258789,79.52999877929688,79.87000274658203,713100,0.0,0.0
2021-07-15 00:00:00-04:00,79.80000305175781,80.4800033569336,78.80000305175781,79.98999786376953,1015200,0.0,0.0
2021-07-16 00:00:00-04:00,80.2300033569336,80.58000183105469,77.55000305175781,78.33000183105469,1803000,0.0,0.0
2021-07-19 00:00:00-04:00,78.0999984741211,79.58000183105469,77.30000305175781,77.55999755859375,1328500,0.0,0.0
2021-07-20 00:00:00-04:00,78.45999908447266,79.29000091552734,78.0,79.20999908447266,1863400,0.0,0.0
2021-07-21 00:00:00-04:00,78.93000030517578,79.80000305175781,78.30000305175781,79.13999938964844,1166000,0.0,0.0
2021-07-22 00:00:00-04:00,78.83000183105469,78.91999816894531,78.05000305175781,78.62000274658203,843600,0.0,0.0
2021-07-23 00:00:00-04:00,78.94000244140625,79.62999725341797,78.5199966430664,79.30000305175781,854400,0.0,0.0
2021-07-26 00:00:00-04:00,78.7699966430664,79.16999816894531,77.11000061035156,77.30999755859375,787100,0.0,0.0
2021-07-27 00:00:00-04:00,76.98999786376953,77.0999984741211,75.55000305175781,76.33999633789062,2015100,0.0,0.0
2021-07-28 00:00:00-04:00,76.54000091552734,78.33000183105469,76.26000213623047,78.01000213623047,1212800,0.0,0.0
2021-07-29 00:00:00-04:00,78.51000213623047,78.62000274658203,77.2300033569336,77.4000015258789,1534500,0.0,0.0
2021-07-30 00:00:00-04:00,77.37999725341797,77.83999633789062,76.98999786376953,77.3499984741211,1497300,0.0,0.0
2021-08-02 00:00:00-04:00,77.48999786376953,78.66999816894531,77.22000122070312,78.47000122070312,1361000,0.0,0.0
2021-08-03 00:00:00-04:00,77.91999816894531,78.16000366210938,75.75,77.94999694824219,1577800,0.0,0.0
2021-08-04 00:00:00-04:00,78.18000030517578,79.80999755859375,77.22000122070312,77.33999633789062,1648400,0.0,0.0
2021-08-05 00:00:00-04:00,77.62000274658203,77.62000274658203,76.30000305175781,76.91999816894531,1224000,0.0,0.0
2021-08-06 00:00:00-04:00,76.83000183105469,77.06999969482422,76.0,76.30000305175781,979000,0.0,0.0
2021-08-09 00:00:00-04:00,76.4800033569336,76.80000305175781,75.1500015258789,75.30999755859375,973200,0.0,0.0
2021-08-10 00:00:00-04:00,75.31999969482422,75.44999694824219,72.97000122070312,73.62000274658203,1193200,0.0,0.0
2021-08-11 00:00:00-04:00,73.9800033569336,74.43000030517578,72.4800033569336,72.9000015258789,1797900,0.0,0.0
2021-08-12 00:00:00-04:00,73.30000305175781,73.44999694824219,71.91000366210938,72.9000015258789,1213500,0.0,0.0
2021-08-13 00:00:00-04:00,73.08999633789062,73.91000366210938,72.61000061035156,73.47000122070312,825800,0.0,0.0
2021-08-16 00:00:00-04:00,73.48999786376953,74.0199966430664,72.8499984741211,73.98999786376953,1025100,0.0,0.0
2021-08-17 00:00:00-04:00,73.62999725341797,75.69000244140625,73.41999816894531,75.66000366210938,1162400,0.0,0.0
2021-08-18 00:00:00-04:00,75.58000183105469,75.69000244140625,74.45999908447266,74.54000091552734,983500,0.0,0.0
2021-08-19 00:00:00-04:00,74.52999877929688,75.61000061035156,74.41999816894531,74.51000213623047,865100,0.0,0.0
2021-08-20 00:00:00-04:00,74.47000122070312,76.05999755859375,74.41999816894531,74.9000015258789,772200,0.0,0.0
2021-08-23 00:00:00-04:00,75.18000030517578,75.77999877929688,74.6500015258789,75.52999877929688,659700,0.0,0.0
2021-08-24 00:00:00-04:00,75.76000213623047,75.77999877929688,75.19000244140625,75.54000091552734,503700,0.0,0.0
2021-08-25 00:00:00-04:00,75.68000030517578,75.94999694824219,75.0,75.76000213623047,768000,0.0,0.0
2021-08-26 00:00:00-04:00,75.94999694824219,76.19999694824219,75.0999984741211,75.1500015258789,763300,0.0,0.0
2021-08-27 00:00:00-04:00,75.51000213623047,76.91000366210938,75.0,75.68000030517578,708700,0.0,0.0
2021-08-30 00:00:00-04:00,75.75,76.66000366210938,75.75,76.05000305175781,580100,0.0,0.0
2021-08-31 00:00:00-04:00,76.16999816894531,76.73999786376953,75.5999984741211,76.48999786376953,1317000,0.0,0.0
2021-09-01 00:00:00-04:00,76.70999908447266,80.30000305175781,76.12999725341797,77.02999877929688,2662300,0.0,0.0
2021-09-02 00:00:00-04:00,77.20999908447266,77.70999908447266,76.08999633789062,77.2300033569336,856000,0.0,0.0
2021-09-03 00:00:00-04:00,76.91000366210938,77.47000122070312,76.01000213623047,76.08999633789062,1042900,0.0,0.0
2021-09-07 00:00:00-04:00,75.77999877929688,76.70999908447266,74.38999938964844,74.69999694824219,1107800,0.0,0.0
2021-09-08 00:00:00-04:00,74.41999816894531,75.0,73.88999938964844,74.05999755859375,559900,0.0,0.0
2021-09-09 00:00:00-04:00,74.18000030517578,75.0,72.6500015258789,72.69000244140625,877000,0.0,0.0
2021-09-10 00:00:00-04:00,72.72000122070312,73.33000183105469,70.97000122070312,71.12000274658203,1186700,0.0,0.0
2021-09-13 00:00:00-04:00,71.76000213623047,72.8499984741211,71.1500015258789,72.44999694824219,1798800,0.0,0.0
2021-09-14 00:00:00-04:00,72.95999908447266,73.02999877929688,71.87000274658203,72.23999786376953,874200,0.0,0.0
2021-09-15 00:00:00-04:00,72.62000274658203,73.86000061035156,72.54000091552734,73.44000244140625,1316600,0.0,0.0
2021-09-16 00:00:00-04:00,72.94000244140625,75.08000183105469,72.94000244140625,75.04000091552734,1123900,0.0,0.0
2021-09-17 00:00:00-04:00,75.25,76.11000061035156,74.22000122070312,75.98999786376953,2544900,0.0,0.0
2021-09-20 00:00:00-04:00,78.0,79.5,75.5199966430664,75.91000366210938,2735500,0.0,0.0
2021-09-21 00:00:00-04:00,75.75,76.83000183105469,74.86000061035156,76.05999755859375,1208100,0.0,0.0
2021-09-22 00:00:00-04:00,73.12000274658203,73.8499984741211,69.41999816894531,69.58999633789062,5782700,0.0,0.0
2021-09-23 00:00:00-04:00,69.2300033569336,70.22000122070312,68.81999969482422,69.77999877929688,2412200,0.0,0.0
2021-09-24 00:00:00-04:00,69.69000244140625,70.13999938964844,68.62000274658203,69.0,1407400,0.0,0.0
2021-09-27 00:00:00-04:00,68.91000366210938,69.27999877929688,67.87000274658203,69.26000213623047,1654300,0.0,0.0
2021-09-28 00:00:00-04:00,69.06999969482422,69.62999725341797,68.55000305175781,68.68000030517578,1156500,0.0,0.0
2021-09-29 00:00:00-04:00,68.80000305175781,69.23999786376953,68.29000091552734,68.66999816894531,1609000,0.0,0.0
2021-09-30 00:00:00-04:00,68.73999786376953,69.91000366210938,68.69999694824219,68.77999877929688,1731000,0.0,0.0
2021-10-01 00:00:00-04:00,68.38999938964844,68.76000213623047,67.4000015258789,68.20999908447266,2391500,0.0,0.0
2021-10-04 00:00:00-04:00,67.80000305175781,68.12000274658203,66.12000274658203,66.31999969482422,1704000,0.0,0.0
2021-10-05 00:00:00-04:00,66.12000274658203,66.58999633789062,65.23999786376953,65.33000183105469,2325100,0.0,0.0
2021-10-06 00:00:00-04:00,64.87999725341797,66.19000244140625,64.7699966430664,65.81999969482422,2209500,0.0,0.0
2021-10-07 00:00:00-04:00,65.81999969482422,67.02999877929688,65.44000244140625,65.6500015258789,2152100,0.0,0.0
2021-10-08 00:00:00-04:00,65.8499984741211,66.12000274658203,65.30999755859375,65.88999938964844,1613900,0.0,0.0
2021-10-11 00:00:00-04:00,65.69000244140625,65.9000015258789,64.77999877929688,64.80999755859375,1094400,0.0,0.0
2021-10-12 00:00:00-04:00,64.87999725341797,65.22000122070312,64.19999694824219,64.36000061035156,1142200,0.0,0.0
2021-10-13 00:00:00-04:00,64.44000244140625,65.13999938964844,64.08000183105469,64.22000122070312,1452200,0.0,0.0
2021-10-14 00:00:00-04:00,64.37999725341797,65.9800033569336,64.37999725341797,65.77999877929688,1662900,0.0,0.0
2021-10-15 00:00:00-04:00,65.55999755859375,65.91999816894531,65.31999969482422,65.55999755859375,1620500,0.0,0.0
2021-10-18 00:00:00-04:00,65.52999877929688,65.52999877929688,64.19999694824219,64.58000183105469,1595100,0.0,0.0
2021-10-19 00:00:00-04:00,64.69000244140625,65.69000244140625,64.56999969482422,65.47000122070312,1162700,0.0,0.0
2021-10-20 00:00:00-04:00,65.9000015258789,65.97000122070312,65.5,65.6500015258789,892500,0.0,0.0
2021-10-21 00:00:00-04:00,66.05000305175781,66.19000244140625,64.91999816894531,65.87000274658203,1295400,0.0,0.0
2021-10-22 00:00:00-04:00,65.83000183105469,66.33000183105469,65.30999755859375,65.79000091552734,1755100,0.0,0.0
2021-10-25 00:00:00-04:00,65.70999908447266,66.9000015258789,65.19000244140625,66.75,1143500,0.0,0.0
2021-10-26 00:00:00-04:00,66.88999938964844,67.0999984741211,66.38999938964844,66.55000305175781,1506000,0.0,0.0
2021-10-27 00:00:00-04:00,66.66000366210938,66.66000366210938,64.86000061035156,64.97000122070312,1452100,0.0,0.0
2021-10-28 00:00:00-04:00,65.29000091552734,65.94999694824219,64.93000030517578,65.73999786376953,1730500,0.0,0.0
2021-10-29 00:00:00-04:00,65.88999938964844,67.63999938964844,65.54000091552734,66.9800033569336,1654100,0.0,0.0
2021-11-01 00:00:00-04:00,66.81999969482422,69.58000183105469,66.80000305175781,69.3499984741211,2592500,0.0,0.0
2021-11-02 00:00:00-04:00,65.54000091552734,65.66999816894531,61.90999984741211,63.47999954223633,5132300,0.0,0.0
2021-11-03 00:00:00-04:00,64.5999984741211,67.43000030517578,64.0,66.79000091552734,3427000,0.0,0.0
2021-11-04 00:00:00-04:00,66.2300033569336,67.83000183105469,66.02999877929688,67.48999786376953,2279000,0.0,0.0
2021-11-05 00:00:00-04:00,67.29000091552734,69.05999755859375,66.47000122070312,67.86000061035156,2403600,0.0,0.0
2021-11-08 00:00:00-05:00,68.27999877929688,68.94999694824219,66.13999938964844,66.48999786376953,2221300,0.0,0.0
2021-11-09 00:00:00-05:00,66.9000015258789,67.44999694824219,66.20999908447266,66.52999877929688,1581100,0.0,0.0
2021-11-10 00:00:00-05:00,67.04000091552734,67.91999816894531,65.20999908447266,65.38999938964844,1647600,0.0,0.0
2021-11-11 00:00:00-05:00,65.5999984741211,65.81999969482422,64.33999633789062,65.11000061035156,1522600,0.0,0.0
2021-11-12 00:00:00-05:00,65.11000061035156,65.6500015258789,64.72000122070312,65.61000061035156,1442300,0.0,0.0
2021-11-15 00:00:00-05:00,65.93000030517578,65.93000030517578,64.51000213623047,65.19000244140625,1357600,0.0,0.0
2021-11-16 00:00:00-05:00,65.37999725341797,66.19999694824219,64.95999908447266,65.72000122070312,1505000,0.0,0.0
2021-11-17 00:00:00-05:00,65.8499984741211,65.87999725341797,64.37999725341797,65.0199966430664,1146200,0.0,0.0
2021-11-18 00:00:00-05:00,65.05999755859375,65.19999694824219,64.13999938964844,65.12999725341797,1429400,0.0,0.0
2021-11-19 00:00:00-05:00,65.18000030517578,65.6500015258789,64.23999786376953,64.51000213623047,1583400,0.0,0.0
2021-11-22 00:00:00-05:00,64.58000183105469,64.72000122070312,63.279998779296875,63.34000015258789,1364100,0.0,0.0
2021-11-23 00:00:00-05:00,63.0,63.900001525878906,62.310001373291016,63.810001373291016,1313500,0.0,0.0
2021-11-24 00:00:00-05:00,64.30000305175781,67.08000183105469,64.05999755859375,66.73999786376953,5078700,0.0,0.0
2021-11-26 00:00:00-05:00,68.7699966430664,70.58000183105469,67.88999938964844,68.37999725341797,3169400,0.0,0.0
2021-11-29 00:00:00-05:00,68.7699966430664,71.8499984741211,68.7699966430664,70.37000274658203,3517800,0.0,0.0
2021-11-30 00:00:00-05:00,69.95999908447266,70.91999816894531,66.80000305175781,67.72000122070312,5622100,0.0,0.0
2021-12-01 00:00:00-05:00,68.0,69.62000274658203,64.69000244140625,64.95999908447266,3740500,0.0,0.0
2021-12-02 00:00:00-05:00,64.91000366210938,66.77999877929688,63.400001525878906,66.62999725341797,2368900,0.0,0.0
2021-12-03 00:00:00-05:00,66.79000091552734,66.79000091552734,65.20999908447266,65.77999877929688,2573600,0.0,0.0
2021-12-06 00:00:00-05:00,66.02999877929688,66.4800033569336,64.33999633789062,65.01000213623047,2202200,0.0,0.0
2021-12-07 00:00:00-05:00,65.30000305175781,67.48999786376953,65.0,66.7300033569336,2161200,0.0,0.0
2021-12-08 00:00:00-05:00,66.94999694824219,67.5,65.94999694824219,67.33000183105469,1270500,0.0,0.0
2021-12-09 00:00:00-05:00,67.2300033569336,67.8499984741211,66.38999938964844,66.47000122070312,1485500,0.0,0.0
2021-12-10 00:00:00-05:00,66.48999786376953,67.30000305175781,64.7699966430664,65.4000015258789,1810700,0.0,0.0
2021-12-13 00:00:00-05:00,64.7699966430664,68.25,64.31999969482422,67.80999755859375,2771300,0.0,0.0
2021-12-14 00:00:00-05:00,67.31999969482422,69.87000274658203,67.0999984741211,68.58999633789062,1983900,0.0,0.0
2021-12-15 00:00:00-05:00,68.41999816894531,72.12999725341797,67.80000305175781,71.98999786376953,2794500,0.0,0.0
2021-12-16 00:00:00-05:00,72.31999969482422,72.52999877929688,71.30000305175781,72.0,2193700,0.0,0.0
2021-12-17 00:00:00-05:00,72.58999633789062,73.83000183105469,71.8499984741211,72.88999938964844,13902500,0.0,0.0
2021-12-20 00:00:00-05:00,73.7300033569336,74.30000305175781,72.16000366210938,73.44999694824219,2450100,0.0,0.0
2021-12-21 00:00:00-05:00,73.83999633789062,73.83999633789062,71.44000244140625,73.68000030517578,1609800,0.0,0.0
2021-12-22 00:00:00-05:00,73.69000244140625,73.7300033569336,72.8499984741211,73.37000274658203,1407100,0.0,0.0
2021-12-23 00:00:00-05:00,73.5199966430664,74.0199966430664,72.62999725341797,73.47000122070312,1082100,0.0,0.0
2021-12-27 00:00:00-05:00,73.70999908447266,74.04000091552734,73.0199966430664,73.9800033569336,992200,0.0,0.0
2021-12-28 00:00:00-05:00,73.8499984741211,74.55999755859375,73.08999633789062,73.30000305175781,874700,0.0,0.0
2021-12-29 00:00:00-05:00,73.2300033569336,74.26000213623047,72.54000091552734,73.79000091552734,951800,0.0,0.0
2021-12-30 00:00:00-05:00,73.9000015258789,75.44000244140625,73.52999877929688,74.11000061035156,4082500,0.0,0.0
2021-12-31 00:00:00-05:00,74.05999755859375,75.31999969482422,73.30999755859375,73.4000015258789,2789500,0.0,0.0
2022-01-03 00:00:00-05:00,73.19999694824219,74.05999755859375,72.26000213623047,73.97000122070312,1391200,0.0,0.0
2022-01-04 00:00:00-05:00,73.7300033569336,73.75,70.81999969482422,71.80999755859375,2297400,0.0,0.0
2022-01-05 00:00:00-05:00,71.72000122070312,72.81999969482422,70.37000274658203,70.44999694824219,1597300,0.0,0.0
2022-01-06 00:00:00-05:00,70.80999755859375,72.69000244140625,70.44000244140625,72.62999725341797,1997700,0.0,0.0
2022-01-07 00:00:00-05:00,72.69000244140625,74.44999694824219,72.69000244140625,73.19000244140625,2531700,0.0,0.0
2022-01-10 00:00:00-05:00,73.0,74.9000015258789,72.83999633789062,74.66000366210938,2084900,0.0,0.0
2022-01-11 00:00:00-05:00,74.45999908447266,75.38999938964844,73.8499984741211,74.44000244140625,1317400,0.0,0.0
2022-01-12 00:00:00-05:00,73.9800033569336,74.52999877929688,72.83999633789062,73.62000274658203,1638800,0.0,0.0
2022-01-13 00:00:00-05:00,72.94000244140625,74.2300033569336,72.79000091552734,73.6500015258789,1319200,0.0,0.0
2022-01-14 00:00:00-05:00,73.4800033569336,74.94000244140625,72.83000183105469,74.87999725341797,1580800,0.0,0.0
2022-01-18 00:00:00-05:00,75.70999908447266,76.30000305175781,74.47000122070312,75.01000213623047,3063700,0.0,0.0
2022-01-19 00:00:00-05:00,75.05999755859375,76.19000244140625,74.05999755859375,74.77999877929688,1551200,0.0,0.0
2022-01-20 00:00:00-05:00,75.2699966430664,76.05000305175781,74.66000366210938,74.76000213623047,1336300,0.0,0.0
2022-01-21 00:00:00-05:00,74.98999786376953,76.5,74.68000030517578,74.79000091552734,1820500,0.0,0.0
2022-01-24 00:00:00-05:00,73.83000183105469,75.43000030517578,73.08000183105469,75.33999633789062,3265500,0.0,0.0
2022-01-25 00:00:00-05:00,74.79000091552734,75.04000091552734,72.66999816894531,74.1500015258789,1716700,0.0,0.0
2022-01-26 00:00:00-05:00,73.20999908447266,75.0999984741211,73.11000061035156,73.5199966430664,3195000,0.0,0.0
2022-01-27 00:00:00-05:00,73.5999984741211,74.30000305175781,71.47000122070312,71.58999633789062,1921100,0.0,0.0
2022-01-28 00:00:00-05:00,71.44999694824219,74.26000213623047,70.73999786376953,74.2300033569336,1621400,0.0,0.0
2022-01-31 00:00:00-05:00,73.6500015258789,74.72000122070312,73.5,74.33000183105469,1754900,0.0,0.0
2022-02-01 00:00:00-05:00,74.0999984741211,75.76000213623047,73.94000244140625,75.19000244140625,1555100,0.0,0.0
2022-02-02 00:00:00-05:00,74.91999816894531,75.41999816894531,73.08999633789062,74.38999938964844,1746300,0.0,0.0
2022-02-03 00:00:00-05:00,73.95999908447266,74.22000122070312,72.83999633789062,73.05000305175781,1583000,0.0,0.0
2022-02-04 00:00:00-05:00,73.0199966430664,73.26000213623047,72.2699966430664,72.69000244140625,1322100,0.0,0.0
2022-02-07 00:00:00-05:00,72.69999694824219,73.88999938964844,72.6500015258789,73.3499984741211,1465100,0.0,0.0
2022-02-08 00:00:00-05:00,70.62999725341797,72.7300033569336,67.9000015258789,70.06999969482422,3279700,0.0,0.0
2022-02-09 00:00:00-05:00,66.83999633789062,69.88999938964844,66.61000061035156,68.27999877929688,3234300,0.0,0.0
2022-02-10 00:00:00-05:00,67.27999877929688,67.98999786376953,66.41000366210938,66.9000015258789,3147800,0.0,0.0
2022-02-11 00:00:00-05:00,67.23999786376953,67.97000122070312,66.5,66.76000213623047,1577900,0.0,0.0
2022-02-14 00:00:00-05:00,66.4800033569336,66.62000274658203,65.5999984741211,66.0199966430664,2284000,0.0,0.0
2022-02-15 00:00:00-05:00,66.77999877929688,68.19999694824219,66.51000213623047,67.5,1834300,0.0,0.0
2022-02-16 00:00:00-05:00,67.4000015258789,68.12000274658203,66.93000030517578,67.83000183105469,1498300,0.0,0.0
2022-02-17 00:00:00-05:00,67.33999633789062,68.70999908447266,66.97000122070312,67.83000183105469,2953500,0.0,0.0
2022-02-18 00:00:00-05:00,67.98999786376953,70.06999969482422,67.73999786376953,68.52999877929688,2273500,0.0,0.0
2022-02-22 00:00:00-05:00,68.08000183105469,68.81999969482422,67.7699966430664,68.16999816894531,1438200,0.0,0.0
2022-02-23 00:00:00-05:00,68.76000213623047,69.33999633789062,67.81999969482422,67.98999786376953,1478900,0.0,0.0
2022-02-24 00:00:00-05:00,67.13999938964844,67.94999694824219,66.22000122070312,67.83999633789062,1534100,0.0,0.0
2022-02-25 00:00:00-05:00,67.55999755859375,69.30000305175781,67.08999633789062,68.41999816894531,1344600,0.0,0.0
2022-02-28 00:00:00-05:00,67.91999816894531,68.48999786376953,67.19000244140625,68.30000305175781,1378100,0.0,0.0
2022-03-01 00:00:00-05:00,68.0999984741211,69.52999877929688,67.69999694824219,68.69999694824219,1292900,0.0,0.0
2022-03-02 00:00:00-05:00,68.5999984741211,69.97000122070312,68.04000091552734,69.58000183105469,948200,0.0,0.0
2022-03-03 00:00:00-05:00,69.80999755859375,69.87000274658203,68.51000213623047,69.45999908447266,1247000,0.0,0.0
2022-03-04 00:00:00-05:00,68.79000091552734,70.77999877929688,68.5999984741211,70.05000305175781,877100,0.0,0.0
2022-03-07 00:00:00-05:00,69.93000030517578,71.4000015258789,69.70999908447266,70.62000274658203,1238300,0.0,0.0
2022-03-08 00:00:00-05:00,69.87000274658203,72.58999633789062,69.73999786376953,71.1500015258789,1079900,0.0,0.0
2022-03-09 00:00:00-05:00,71.69000244140625,72.30999755859375,71.20999908447266,72.01000213623047,1071500,0.0,0.0
2022-03-10 00:00:00-05:00,71.48999786376953,73.62000274658203,71.45999908447266,73.47000122070312,2227900,0.0,0.0
2022-03-11 00:00:00-05:00,74.51000213623047,76.02999877929688,73.73999786376953,73.94000244140625,1321900,0.0,0.0
2022-03-14 00:00:00-04:00,73.72000122070312,74.3499984741211,71.86000061035156,72.19000244140625,1208900,0.0,0.0
2022-03-15 00:00:00-04:00,72.37000274658203,73.45999908447266,72.01000213623047,73.30999755859375,1382200,0.0,0.0
2022-03-16 00:00:00-04:00,75.08000183105469,75.2300033569336,73.22000122070312,74.5999984741211,2292100,0.0,0.0
2022-03-17 00:00:00-04:00,74.61000061035156,75.37999725341797,74.04000091552734,74.3499984741211,1266400,0.0,0.0
2022-03-18 00:00:00-04:00,74.3499984741211,75.37999725341797,73.76000213623047,75.19999694824219,2734900,0.0,0.0
2022-03-21 00:00:00-04:00,75.44000244140625,76.76000213623047,75.19000244140625,76.58000183105469,1741100,0.0,0.0
2022-03-22 00:00:00-04:00,76.55999755859375,78.25,75.81999969482422,78.05000305175781,1804000,0.0,0.0
2022-03-23 00:00:00-04:00,78.08000183105469,78.13999938964844,77.06999969482422,77.0999984741211,1180800,0.0,0.0
2022-03-24 00:00:00-04:00,77.52999877929688,78.87999725341797,77.26000213623047,78.19000244140625,1275300,0.0,0.0
2022-03-25 00:00:00-04:00,78.44999694824219,78.68000030517578,77.86000061035156,78.45999908447266,1034100,0.0,0.0
2022-03-28 00:00:00-04:00,78.41000366210938,79.13999938964844,78.25,78.94999694824219,1207100,0.0,0.0
2022-03-29 00:00:00-04:00,78.91000366210938,80.04000091552734,78.91000366210938,79.70999908447266,1434300,0.0,0.0
2022-03-30 00:00:00-04:00,79.75,80.26000213623047,79.18000030517578,79.66999816894531,1142500,0.0,0.0
2022-03-31 00:00:00-04:00,79.66000366210938,80.01000213623047,79.13999938964844,79.41999816894531,1221900,0.0,0.0
2022-04-01 00:00:00-04:00,79.7300033569336,80.79000091552734,79.5199966430664,79.94000244140625,1474100,0.0,0.0
2022-04-04 00:00:00-04:00,80.51000213623047,81.69000244140625,80.11000061035156,80.91000366210938,1658600,0.0,0.0
2022-04-05 00:00:00-04:00,80.91000366210938,82.25,80.62000274658203,80.69999694824219,1327900,0.0,0.0
2022-04-06 00:00:00-04:00,80.31999969482422,82.08999633789062,80.13999938964844,81.87000274658203,1505600,0.0,0.0
2022-04-07 00:00:00-04:00,81.83000183105469,83.51000213623047,81.66999816894531,82.18000030517578,1382000,0.0,0.0
2022-04-08 00:00:00-04:00,82.43000030517578,84.86000061035156,81.9000015258789,83.18000030517578,2147700,0.0,0.0
2022-04-11 00:00:00-04:00,82.5,82.98999786376953,80.80999755859375,80.94999694824219,1417400,0.0,0.0
2022-04-12 00:00:00-04:00,81.01000213623047,81.0199966430664,79.3499984741211,80.06999969482422,1824700,0.0,0.0
2022-04-13 00:00:00-04:00,80.05999755859375,82.11000061035156,79.80000305175781,81.98999786376953,1752800,0.0,0.0
2022-04-14 00:00:00-04:00,81.55999755859375,82.8499984741211,80.94999694824219,81.73999786376953,4005800,0.0,0.0
2022-04-18 00:00:00-04:00,81.69000244140625,81.69999694824219,80.05000305175781,80.33000183105469,1007100,0.0,0.0
2022-04-19 00:00:00-04:00,79.95999908447266,80.30000305175781,79.1500015258789,79.47000122070312,956900,0.0,0.0
2022-04-20 00:00:00-04:00,79.72000122070312,79.72000122070312,78.05000305175781,78.70999908447266,1165800,0.0,0.0
2022-04-21 00:00:00-04:00,79.01000213623047,79.01000213623047,76.62999725341797,76.86000061035156,1382000,0.0,0.0
2022-04-22 00:00:00-04:00,76.55000305175781,77.31999969482422,76.08000183105469,76.58000183105469,933100,0.0,0.0
2022-04-25 00:00:00-04:00,76.41000366210938,76.80999755859375,75.16999816894531,76.55999755859375,1190200,0.0,0.0
2022-04-26 00:00:00-04:00,76.06999969482422,76.62999725341797,74.11000061035156,74.1500015258789,925200,0.0,0.0
2022-04-27 00:00:00-04:00,74.12999725341797,75.06999969482422,73.72000122070312,74.43000030517578,914000,0.0,0.0
2022-04-28 00:00:00-04:00,74.72000122070312,75.80000305175781,73.37000274658203,75.4000015258789,1060500,0.0,0.0
2022-04-29 00:00:00-04:00,75.06999969482422,76.73999786376953,74.72000122070312,74.95999908447266,1549400,0.0,0.0
2022-05-02 00:00:00-04:00,74.68000030517578,76.19000244140625,74.12000274658203,76.05000305175781,1834800,0.0,0.0
2022-05-03 00:00:00-04:00,76.12000274658203,79.20999908447266,75.80000305175781,77.18000030517578,1931500,0.0,0.0
2022-05-04 00:00:00-04:00,77.47000122070312,80.79000091552734,76.8499984741211,80.72000122070312,1999000,0.0,0.0
2022-05-05 00:00:00-04:00,80.4800033569336,80.55000305175781,76.43000030517578,77.27999877929688,1214400,0.0,0.0
2022-05-06 00:00:00-04:00,76.55999755859375,77.12000274658203,74.44000244140625,75.19999694824219,1145200,0.0,0.0
2022-05-09 00:00:00-04:00,74.12000274658203,74.7300033569336,72.3499984741211,72.6500015258789,1864800,0.0,0.0
2022-05-10 00:00:00-04:00,74.0199966430664,76.33999633789062,73.62000274658203,76.13999938964844,1897500,0.0,0.0
2022-05-11 00:00:00-04:00,75.75,76.62000274658203,73.79000091552734,73.91000366210938,1125400,0.0,0.0
2022-05-12 00:00:00-04:00,73.37000274658203,75.52999877929688,73.05000305175781,75.51000213623047,1408700,0.0,0.0
2022-05-13 00:00:00-04:00,75.87000274658203,76.62000274658203,74.48999786376953,74.9000015258789,1127000,0.0,0.0
2022-05-16 00:00:00-04:00,74.62000274658203,75.0,73.7699966430664,74.51000213623047,1272900,0.0,0.0
2022-05-17 00:00:00-04:00,75.23999786376953,75.88999938964844,74.20999908447266,75.51000213623047,1283300,0.0,0.0
2022-05-18 00:00:00-04:00,74.77999877929688,75.05999755859375,73.12000274658203,73.38999938964844,1587400,0.0,0.0
2022-05-19 00:00:00-04:00,73.33999633789062,74.83000183105469,72.48999786376953,74.33999633789062,1417600,0.0,0.0
2022-05-20 00:00:00-04:00,75.02999877929688,75.13999938964844,72.81999969482422,74.87999725341797,1291300,0.0,0.0
2022-05-23 00:00:00-04:00,75.19999694824219,77.2699966430664,74.77999877929688,76.91000366210938,1012600,0.0,0.0
2022-05-24 00:00:00-04:00,76.66000366210938,76.91000366210938,74.87999725341797,75.11000061035156,1043100,0.0,0.0
2022-05-25 00:00:00-04:00,75.37999725341797,76.7699966430664,74.70999908447266,76.51000213623047,955400,0.0,0.0
2022-05-26 00:00:00-04:00,76.88999938964844,77.62000274658203,75.8499984741211,76.0199966430664,845900,0.0,0.0
2022-05-27 00:00:00-04:00,76.44999694824219,77.33999633789062,75.80000305175781,77.19000244140625,1174200,0.0,0.0
2022-05-31 00:00:00-04:00,76.94999694824219,77.1500015258789,74.9800033569336,75.88999938964844,2997400,0.0,0.0
2022-06-01 00:00:00-04:00,76.22000122070312,76.47000122070312,74.37999725341797,74.9800033569336,1319500,0.0,0.0
2022-06-02 00:00:00-04:00,74.68000030517578,74.87000274658203,72.31999969482422,74.62999725341797,1346400,0.0,0.0
2022-06-03 00:00:00-04:00,74.37000274658203,74.7699966430664,73.54000091552734,73.95999908447266,1602400,0.0,0.0
2022-06-06 00:00:00-04:00,74.81999969482422,74.81999969482422,73.19000244140625,73.88999938964844,1080200,0.0,0.0
2022-06-07 00:00:00-04:00,73.69000244140625,75.04000091552734,73.62000274658203,74.91000366210938,1023400,0.0,0.0
2022-06-08 00:00:00-04:00,75.0,75.8499984741211,74.69999694824219,74.98999786376953,699900,0.0,0.0
2022-06-09 00:00:00-04:00,74.66999816894531,74.8499984741211,72.73999786376953,72.77999877929688,854800,0.0,0.0
2022-06-10 00:00:00-04:00,71.62999725341797,72.0199966430664,70.33999633789062,70.4000015258789,1339200,0.0,0.0
2022-06-13 00:00:00-04:00,69.02999877929688,69.44999694824219,67.51000213623047,67.75,1299200,0.0,0.0
2022-06-14 00:00:00-04:00,67.5,67.77999877929688,65.06999969482422,66.18000030517578,2168300,0.0,0.0
2022-06-15 00:00:00-04:00,66.3499984741211,69.12000274658203,66.3499984741211,68.55000305175781,1533100,0.0,0.0
2022-06-16 00:00:00-04:00,67.05999755859375,68.23999786376953,66.12000274658203,68.04000091552734,1434900,0.0,0.0
2022-06-17 00:00:00-04:00,68.52999877929688,72.0199966430664,67.9000015258789,71.2699966430664,3287900,0.0,0.0
2022-06-21 00:00:00-04:00,72.1500015258789,73.36000061035156,71.73999786376953,73.13999938964844,1494800,0.0,0.0
2022-06-22 00:00:00-04:00,72.51000213623047,74.37000274658203,72.06999969482422,73.75,1218500,0.0,0.0
2022-06-23 00:00:00-04:00,74.19000244140625,74.9800033569336,73.75,74.77999877929688,855400,0.0,0.0
2022-06-24 00:00:00-04:00,75.33000183105469,78.30000305175781,75.2300033569336,78.19000244140625,2298000,0.0,0.0
2022-06-27 00:00:00-04:00,77.91000366210938,78.18000030517578,76.63999938964844,77.36000061035156,1309800,0.0,0.0
2022-06-28 00:00:00-04:00,77.31999969482422,77.62999725341797,75.02999877929688,75.62999725341797,974200,0.0,0.0
2022-06-29 00:00:00-04:00,75.69999694824219,76.13999938964844,75.20999908447266,75.88999938964844,711300,0.0,0.0
2022-06-30 00:00:00-04:00,75.44000244140625,76.79000091552734,74.76000213623047,75.97000122070312,1730000,0.0,0.0
2022-07-01 00:00:00-04:00,75.58000183105469,77.86000061035156,75.36000061035156,77.66999816894531,1319700,0.0,0.0
2022-07-05 00:00:00-04:00,77.19999694824219,79.29000091552734,76.93000030517578,79.25,1464000,0.0,0.0
2022-07-06 00:00:00-04:00,79.0999984741211,80.22000122070312,78.66999816894531,79.72000122070312,1638900,0.0,0.0
2022-07-07 00:00:00-04:00,79.37999725341797,81.4800033569336,79.37999725341797,80.77999877929688,1434500,0.0,0.0
2022-07-08 00:00:00-04:00,80.4000015258789,81.19000244140625,79.9000015258789,80.4800033569336,1096000,0.0,0.0
2022-07-11 00:00:00-04:00,80.22000122070312,81.52999877929688,79.25,80.95999908447266,1292900,0.0,0.0
2022-07-12 00:00:00-04:00,80.62999725341797,81.16000366210938,79.2699966430664,80.41999816894531,1336500,0.0,0.0
2022-07-13 00:00:00-04:00,78.66000366210938,80.01000213623047,78.66000366210938,79.41000366210938,1083400,0.0,0.0
2022-07-14 00:00:00-04:00,79.23999786376953,79.98999786376953,77.5999984741211,79.62999725341797,1458900,0.0,0.0
2022-07-15 00:00:00-04:00,79.62000274658203,80.33999633789062,78.2699966430664,80.02999877929688,6471300,0.0,0.0
2022-07-18 00:00:00-04:00,80.36000061035156,80.68000030517578,78.56999969482422,78.86000061035156,1444400,0.0,0.0
2022-07-19 00:00:00-04:00,79.94000244140625,81.55000305175781,79.61000061035156,81.36000061035156,1892300,0.0,0.0
2022-07-20 00:00:00-04:00,81.68000030517578,82.66999816894531,81.4800033569336,82.48999786376953,2089200,0.0,0.0
2022-07-21 00:00:00-04:00,83.0,83.91999816894531,82.37000274658203,82.86000061035156,1273500,0.0,0.0
2022-07-22 00:00:00-04:00,83.12999725341797,83.3499984741211,80.6500015258789,80.9000015258789,935800,0.0,0.0
2022-07-25 00:00:00-04:00,80.9000015258789,81.27999877929688,79.8499984741211,80.62000274658203,1044500,0.0,0.0
2022-07-26 00:00:00-04:00,80.44999694824219,81.06999969482422,79.6500015258789,79.83999633789062,1343000,0.0,0.0
2022-07-27 00:00:00-04:00,79.76000213623047,80.88999938964844,79.55999755859375,80.68000030517578,1024100,0.0,0.0
2022-07-28 00:00:00-04:00,80.61000061035156,80.91000366210938,77.76000213623047,78.81999969482422,1110300,0.0,0.0
2022-07-29 00:00:00-04:00,78.7300033569336,78.7300033569336,77.26000213623047,77.68000030517578,1192400,0.0,0.0
2022-08-01 00:00:00-04:00,77.43000030517578,78.3499984741211,76.93000030517578,77.4000015258789,1384200,0.0,0.0
2022-08-02 00:00:00-04:00,74.0,74.1500015258789,71.43000030517578,72.58000183105469,3138700,0.0,0.0
2022-08-03 00:00:00-04:00,71.55999755859375,73.68000030517578,71.05000305175781,72.54000091552734,2060500,0.0,0.0
2022-08-04 00:00:00-04:00,72.62999725341797,73.16000366210938,71.2699966430664,71.91000366210938,1592100,0.0,0.0
2022-08-05 00:00:00-04:00,71.29000091552734,72.5,70.76000213623047,72.16000366210938,1463700,0.0,0.0
2022-08-08 00:00:00-04:00,72.16000366210938,74.11000061035156,71.6500015258789,74.0,1364600,0.0,0.0
2022-08-09 00:00:00-04:00,73.5,74.22000122070312,73.22000122070312,73.7300033569336,975400,0.0,0.0
2022-08-10 00:00:00-04:00,74.55999755859375,74.94999694824219,73.27999877929688,74.12999725341797,1291700,0.0,0.0
2022-08-11 00:00:00-04:00,73.80000305175781,74.48999786376953,73.33999633789062,73.76000213623047,1235400,0.0,0.0
2022-08-12 00:00:00-04:00,73.98999786376953,74.75,73.61000061035156,73.98999786376953,1264500,0.0,0.0
2022-08-15 00:00:00-04:00,73.75,75.44999694824219,73.4000015258789,75.27999877929688,848600,0.0,0.0
2022-08-16 00:00:00-04:00,75.4800033569336,76.01000213623047,74.73999786376953,74.95999908447266,1083200,0.0,0.0
2022-08-17 00:00:00-04:00,74.48999786376953,74.97000122070312,73.79000091552734,73.86000061035156,798000,0.0,0.0
2022-08-18 00:00:00-04:00,73.68000030517578,74.02999877929688,72.37000274658203,73.62000274658203,929300,0.0,0.0
2022-08-19 00:00:00-04:00,73.41000366210938,74.58999633789062,73.01000213623047,74.54000091552734,672900,0.0,0.0
2022-08-22 00:00:00-04:00,74.33000183105469,74.69000244140625,72.9800033569336,73.58999633789062,1036100,0.0,0.0
2022-08-23 00:00:00-04:00,73.2300033569336,73.48999786376953,71.69000244140625,72.98999786376953,971600,0.0,0.0
2022-08-24 00:00:00-04:00,73.11000061035156,73.5199966430664,72.73999786376953,72.97000122070312,656700,0.0,0.0
2022-08-25 00:00:00-04:00,73.25,73.29000091552734,71.88999938964844,72.68000030517578,660600,0.0,0.0
2022-08-26 00:00:00-04:00,72.9800033569336,72.9800033569336,71.37999725341797,71.4800033569336,1252700,0.0,0.0
2022-08-29 00:00:00-04:00,70.83999633789062,71.16000366210938,69.98999786376953,70.51000213623047,1269300,0.0,0.0
2022-08-30 00:00:00-04:00,70.47000122070312,70.70999908447266,69.41000366210938,69.95999908447266,1010000,0.0,0.0
2022-08-31 00:00:00-04:00,70.52999877929688,71.16000366210938,70.16999816894531,70.43000030517578,1678400,0.0,0.0
2022-09-01 00:00:00-04:00,69.9000015258789,71.38999938964844,69.36000061035156,71.3499984741211,939400,0.0,0.0
2022-09-02 00:00:00-04:00,71.41000366210938,72.0199966430664,69.9800033569336,70.20999908447266,1490800,0.0,0.0
2022-09-06 00:00:00-04:00,70.54000091552734,70.54000091552734,68.51000213623047,69.11000061035156,1042200,0.0,0.0
2022-09-07 00:00:00-04:00,69.12999725341797,71.81999969482422,68.94999694824219,71.41000366210938,1376400,0.0,0.0
2022-09-08 00:00:00-04:00,71.25,71.94000244140625,70.56999969482422,71.72000122070312,1591300,0.0,0.0
2022-09-09 00:00:00-04:00,71.72000122070312,72.80000305175781,71.61000061035156,72.19999694824219,976700,0.0,0.0
2022-09-12 00:00:00-04:00,72.19999694824219,72.30999755859375,70.37000274658203,70.52999877929688,1459000,0.0,0.0
2022-09-13 00:00:00-04:00,69.9000015258789,69.94999694824219,67.86000061035156,68.13999938964844,1284700,0.0,0.0
2022-09-14 00:00:00-04:00,68.55000305175781,68.58999633789062,67.37000274658203,68.41999816894531,1299600,0.0,0.0
2022-09-15 00:00:00-04:00,68.22000122070312,69.4000015258789,68.0,68.9800033569336,1137700,0.0,0.0
2022-09-16 00:00:00-04:00,68.86000061035156,69.18000030517578,67.75,68.83000183105469,2358000,0.0,0.0
2022-09-19 00:00:00-04:00,68.41999816894531,68.91000366210938,67.19000244140625,68.80999755859375,1207200,0.0,0.0
2022-09-20 00:00:00-04:00,68.19999694824219,68.5999984741211,67.55000305175781,68.26000213623047,939400,0.0,0.0
2022-09-21 00:00:00-04:00,68.41999816894531,68.97000122070312,66.83000183105469,66.83000183105469,1503900,0.0,0.0
2022-09-22 00:00:00-04:00,66.16000366210938,67.9000015258789,65.62000274658203,67.41000366210938,1240500,0.0,0.0
2022-09-23 00:00:00-04:00,67.33000183105469,67.33000183105469,66.0999984741211,66.88999938964844,1311600,0.0,0.0
2022-09-26 00:00:00-04:00,66.5999984741211,67.26000213623047,65.91999816894531,66.18000030517578,1115100,0.0,0.0
2022-09-27 00:00:00-04:00,66.4800033569336,67.52999877929688,65.87999725341797,66.44000244140625,1818900,0.0,0.0
2022-09-28 00:00:00-04:00,66.94999694824219,67.97000122070312,66.5999984741211,67.66000366210938,1559200,0.0,0.0
2022-09-29 00:00:00-04:00,67.41999816894531,67.58000183105469,66.13999938964844,66.61000061035156,1265200,0.0,0.0
2022-09-30 00:00:00-04:00,66.83999633789062,67.91000366210938,66.55999755859375,66.63999938964844,1615600,0.0,0.0
2022-10-03 00:00:00-04:00,67.12999725341797,69.06999969482422,66.5,68.83000183105469,1365300,0.0,0.0
2022-10-04 00:00:00-04:00,69.41000366210938,69.97000122070312,68.63999938964844,69.55999755859375,1146400,0.0,0.0
2022-10-05 00:00:00-04:00,69.20999908447266,69.9800033569336,68.51000213623047,69.5,1020000,0.0,0.0
2022-10-06 00:00:00-04:00,69.12000274658203,69.91999816894531,68.5199966430664,69.63999938964844,1125300,0.0,0.0
2022-10-07 00:00:00-04:00,69.13999938964844,69.4000015258789,68.25,68.41999816894531,1200000,0.0,0.0
2022-10-10 00:00:00-04:00,68.55999755859375,68.62999725341797,67.44999694824219,67.58000183105469,991000,0.0,0.0
2022-10-11 00:00:00-04:00,67.76000213623047,68.16000366210938,66.69000244140625,67.25,1392900,0.0,0.0
2022-10-12 00:00:00-04:00,67.3499984741211,67.83999633789062,66.69999694824219,67.51000213623047,1030000,0.0,0.0
2022-10-13 00:00:00-04:00,66.4800033569336,69.05999755859375,66.33000183105469,68.41999816894531,1456800,0.0,0.0
2022-10-14 00:00:00-04:00,69.12000274658203,69.63999938964844,68.31999969482422,69.0999984741211,1202900,0.0,0.0
2022-10-17 00:00:00-04:00,69.72000122070312,70.70999908447266,69.30999755859375,70.36000061035156,1417500,0.0,0.0
2022-10-18 00:00:00-04:00,71.13999938964844,71.97000122070312,70.86000061035156,71.11000061035156,1497300,0.0,0.0
2022-10-19 00:00:00-04:00,70.52999877929688,70.9800033569336,69.08000183105469,69.58999633789062,1305200,0.0,0.0
2022-10-20 00:00:00-04:00,69.69000244140625,70.44000244140625,68.72000122070312,68.95999908447266,1096700,0.0,0.0
2022-10-21 00:00:00-04:00,68.9800033569336,70.97000122070312,68.1500015258789,70.58000183105469,4874800,0.0,0.0
2022-10-24 00:00:00-04:00,71.26000213623047,73.06999969482422,70.27999877929688,72.47000122070312,1919700,0.0,0.0
2022-10-25 00:00:00-04:00,72.48999786376953,73.01000213623047,71.91000366210938,72.41999816894531,1054300,0.0,0.0
2022-10-26 00:00:00-04:00,72.52999877929688,74.2699966430664,72.52999877929688,73.62000274658203,1189900,0.0,0.0
2022-10-27 00:00:00-04:00,73.76000213623047,73.86000061035156,72.55999755859375,72.86000061035156,899900,0.0,0.0
2022-10-28 00:00:00-04:00,73.54000091552734,74.63999938964844,73.16999816894531,74.5999984741211,1114100,0.0,0.0
2022-10-31 00:00:00-04:00,73.97000122070312,74.70999908447266,73.55999755859375,74.33999633789062,2203800,0.0,0.0
2022-11-01 00:00:00-04:00,75.5199966430664,81.0,75.38999938964844,76.94999694824219,4135900,0.0,0.0
2022-11-02 00:00:00-04:00,76.66999816894531,78.73999786376953,76.2699966430664,77.1500015258789,3108600,0.0,0.0
2022-11-03 00:00:00-04:00,76.48999786376953,77.48999786376953,75.23999786376953,76.9000015258789,1165700,0.0,0.0
2022-11-04 00:00:00-04:00,77.36000061035156,77.8499984741211,76.22000122070312,77.30000305175781,2178900,0.0,0.0
2022-11-07 00:00:00-05:00,77.48999786376953,77.8499984741211,75.8499984741211,75.9000015258789,1536600,0.0,0.0
2022-11-08 00:00:00-05:00,75.83999633789062,77.16000366210938,75.81999969482422,76.69000244140625,1045800,0.0,0.0
2022-11-09 00:00:00-05:00,76.86000061035156,78.02999877929688,76.68000030517578,77.22000122070312,1563500,0.0,0.0
2022-11-10 00:00:00-05:00,79.16000366210938,79.19000244140625,76.43000030517578,77.77999877929688,2113700,0.0,0.0
2022-11-11 00:00:00-05:00,77.47000122070312,77.7699966430664,75.45999908447266,77.52999877929688,1211800,0.0,0.0
2022-11-14 00:00:00-05:00,77.69999694824219,78.37000274658203,77.05999755859375,77.08999633789062,1223500,0.0,0.0
2022-11-15 00:00:00-05:00,78.06999969482422,78.06999969482422,76.37999725341797,76.62000274658203,1003900,0.0,0.0
2022-11-16 00:00:00-05:00,76.8499984741211,77.38999938964844,76.45999908447266,76.70999908447266,697800,0.0,0.0
2022-11-17 00:00:00-05:00,76.58000183105469,78.22000122070312,76.2699966430664,77.95999908447266,961500,0.0,0.0
2022-11-18 00:00:00-05:00,78.2699966430664,78.88999938964844,76.94000244140625,77.44999694824219,804900,0.0,0.0
2022-11-21 00:00:00-05:00,77.5,78.83999633789062,76.9000015258789,78.41000366210938,1018200,0.0,0.0
2022-11-22 00:00:00-05:00,78.73999786376953,78.73999786376953,77.79000091552734,78.2699966430664,819200,0.0,0.0
2022-11-23 00:00:00-05:00,78.37000274658203,78.9000015258789,77.52999877929688,77.76000213623047,1150600,0.0,0.0
2022-11-25 00:00:00-05:00,77.33000183105469,78.26000213623047,77.2699966430664,78.26000213623047,238800,0.0,0.0
2022-11-28 00:00:00-05:00,78.30000305175781,79.0,77.61000061035156,77.83000183105469,867900,0.0,0.0
2022-11-29 00:00:00-05:00,77.9000015258789,77.94999694824219,77.05999755859375,77.80000305175781,612900,0.0,0.0
2022-11-30 00:00:00-05:00,78.0,79.69999694824219,77.44999694824219,79.66999816894531,1698000,0.0,0.0
2022-12-01 00:00:00-05:00,80.0,81.0,79.6500015258789,80.68000030517578,1333800,0.0,0.0
2022-12-02 00:00:00-05:00,80.27999877929688,83.3499984741211,80.01000213623047,83.12999725341797,1651700,0.0,0.0
2022-12-05 00:00:00-05:00,82.7699966430664,84.56999969482422,82.5999984741211,84.08000183105469,2245200,0.0,0.0
2022-12-06 00:00:00-05:00,84.0199966430664,84.16000366210938,82.23999786376953,82.54000091552734,2024000,0.0,0.0
2022-12-07 00:00:00-05:00,82.56999969482422,84.12999725341797,82.31999969482422,84.02999877929688,1145400,0.0,0.0
2022-12-08 00:00:00-05:00,84.20999908447266,84.58000183105469,83.5199966430664,84.11000061035156,1019800,0.0,0.0
2022-12-09 00:00:00-05:00,84.1500015258789,84.48999786376953,82.25,82.33999633789062,1462400,0.0,0.0
2022-12-12 00:00:00-05:00,82.45999908447266,82.52999877929688,81.6500015258789,82.36000061035156,1077400,0.0,0.0
2022-12-13 00:00:00-05:00,82.8499984741211,83.44999694824219,82.62999725341797,82.91000366210938,1182100,0.0,0.0
2022-12-14 00:00:00-05:00,82.68000030517578,83.0199966430664,81.80000305175781,82.66999816894531,1148600,0.0,0.0
2022-12-15 00:00:00-05:00,81.9800033569336,82.5199966430664,81.7699966430664,82.2300033569336,1051800,0.0,0.0
2022-12-16 00:00:00-05:00,81.69999694824219,82.41999816894531,81.08000183105469,82.02999877929688,3162900,0.0,0.0
2022-12-19 00:00:00-05:00,81.62000274658203,82.37999725341797,80.12999725341797,80.58999633789062,1665500,0.0,0.0
2022-12-20 00:00:00-05:00,80.45999908447266,81.2699966430664,80.2699966430664,81.06999969482422,1723000,0.0,0.0
2022-12-21 00:00:00-05:00,81.36000061035156,81.76000213623047,80.25,80.5199966430664,1150800,0.0,0.0
2022-12-22 00:00:00-05:00,80.33999633789062,81.1500015258789,79.94000244140625,81.12000274658203,631000,0.0,0.0
2022-12-23 00:00:00-05:00,80.81999969482422,81.41000366210938,80.45999908447266,81.36000061035156,1262800,0.0,0.0
2022-12-27 00:00:00-05:00,81.48999786376953,81.68000030517578,79.44000244140625,79.58999633789062,730600,0.0,0.0
2022-12-28 00:00:00-05:00,79.66000366210938,80.27999877929688,79.19000244140625,79.44000244140625,924600,0.0,0.0
2022-12-29 00:00:00-05:00,79.58999633789062,80.22000122070312,79.22000122070312,79.4800033569336,662900,0.0,0.0
2022-12-30 00:00:00-05:00,79.25,80.4000015258789,78.87000274658203,80.31999969482422,697900,0.0,0.0
2023-01-03 00:00:00-05:00,80.16999816894531,80.97000122070312,79.1500015258789,79.55000305175781,1456900,0.0,0.0
2023-01-04 00:00:00-05:00,80.12999725341797,80.51000213623047,78.83000183105469,79.08000183105469,1889500,0.0,0.0
2023-01-05 00:00:00-05:00,78.58000183105469,80.83000183105469,78.30000305175781,80.16000366210938,4437300,0.0,0.0
2023-01-06 00:00:00-05:00,81.0,81.16000366210938,80.20999908447266,80.87000274658203,2778700,0.0,0.0
2023-01-09 00:00:00-05:00,80.88999938964844,81.19000244140625,78.70999908447266,78.81999969482422,2276600,0.0,0.0
2023-01-10 00:00:00-05:00,78.9000015258789,80.5199966430664,78.86000061035156,79.55000305175781,1687400,0.0,0.0
2023-01-11 00:00:00-05:00,79.5199966430664,80.0199966430664,78.27999877929688,79.68000030517578,1866900,0.0,0.0
2023-01-12 00:00:00-05:00,79.66999816894531,80.9000015258789,78.88999938964844,80.44999694824219,3823500,0.0,0.0
2023-01-13 00:00:00-05:00,80.19000244140625,81.69000244140625,80.19000244140625,80.83000183105469,1080900,0.0,0.0
2023-01-17 00:00:00-05:00,80.68000030517578,81.91999816894531,80.68000030517578,81.26000213623047,1883600,0.0,0.0
2023-01-18 00:00:00-05:00,81.08999633789062,82.44000244140625,80.87000274658203,82.2699966430664,1347900,0.0,0.0
2023-01-19 00:00:00-05:00,82.30000305175781,83.93000030517578,82.16999816894531,83.87999725341797,1522800,0.0,0.0
2023-01-20 00:00:00-05:00,83.97000122070312,84.12999725341797,82.80999755859375,83.19999694824219,1960300,0.0,0.0
2023-01-23 00:00:00-05:00,83.36000061035156,83.79000091552734,82.88999938964844,83.4800033569336,974100,0.0,0.0
2023-01-24 00:00:00-05:00,83.4800033569336,84.0,83.06999969482422,83.63999938964844,1304100,0.0,0.0
2023-01-25 00:00:00-05:00,83.56999969482422,84.98999786376953,83.44000244140625,84.97000122070312,1103800,0.0,0.0
2023-01-26 00:00:00-05:00,85.0,86.29000091552734,84.37000274658203,86.01000213623047,1560700,0.0,0.0
2023-01-27 00:00:00-05:00,85.76000213623047,86.08000183105469,85.41999816894531,85.69999694824219,931500,0.0,0.0
2023-01-30 00:00:00-05:00,85.4000015258789,85.7300033569336,83.5,83.6500015258789,1808600,0.0,0.0
2023-01-31 00:00:00-05:00,84.05999755859375,86.05000305175781,84.0199966430664,85.13999938964844,2113200,0.0,0.0
2023-02-01 00:00:00-05:00,84.80000305175781,85.8499984741211,84.52999877929688,85.5999984741211,1077300,0.0,0.0
2023-02-02 00:00:00-05:00,85.30000305175781,85.58999633789062,83.54000091552734,84.48999786376953,1649900,0.0,0.0
2023-02-03 00:00:00-05:00,84.69000244140625,85.19999694824219,83.37999725341797,83.61000061035156,1434300,0.0,0.0
2023-02-06 00:00:00-05:00,83.61000061035156,84.83999633789062,82.7300033569336,84.36000061035156,2230600,0.0,0.0
2023-02-07 00:00:00-05:00,83.5,83.75,79.08000183105469,80.95999908447266,4166700,0.0,0.0
2023-02-08 00:00:00-05:00,80.95999908447266,81.13999938964844,79.44999694824219,80.5,2357200,0.0,0.0
2023-02-09 00:00:00-05:00,80.80000305175781,81.48999786376953,80.27999877929688,81.23999786376953,1690500,0.0,0.0
2023-02-10 00:00:00-05:00,81.0,81.08000183105469,79.08999633789062,79.26000213623047,2258300,0.0,0.0
2023-02-13 00:00:00-05:00,79.22000122070312,80.12999725341797,79.05999755859375,80.08000183105469,1380100,0.0,0.0
2023-02-14 00:00:00-05:00,80.19999694824219,80.22000122070312,78.91000366210938,79.36000061035156,1244600,0.0,0.0
2023-02-15 00:00:00-05:00,79.0,79.37999725341797,78.2699966430664,79.3499984741211,1083400,0.0,0.0
2023-02-16 00:00:00-05:00,79.4800033569336,79.70999908447266,78.19999694824219,78.23999786376953,1135200,0.0,0.0
2023-02-17 00:00:00-05:00,78.06999969482422,79.31999969482422,77.80999755859375,79.0,3142400,0.0,0.0
2023-02-21 00:00:00-05:00,78.93000030517578,79.58000183105469,78.16999816894531,78.48999786376953,1439500,0.0,0.0
2023-02-22 00:00:00-05:00,78.68000030517578,78.91000366210938,78.16000366210938,78.51000213623047,1165900,0.0,0.0
2023-02-23 00:00:00-05:00,78.30000305175781,78.62000274658203,77.3499984741211,77.66000366210938,980300,0.0,0.0
2023-02-24 00:00:00-05:00,77.43000030517578,77.54000091552734,76.69999694824219,77.0199966430664,1408600,0.0,0.0
2023-02-27 00:00:00-05:00,77.18000030517578,77.6500015258789,76.47000122070312,76.61000061035156,1099900,0.0,0.0
2023-02-28 00:00:00-05:00,76.54000091552734,77.2699966430664,76.0,76.9800033569336,1974900,0.0,0.0
2023-03-01 00:00:00-05:00,77.01000213623047,78.0199966430664,76.8499984741211,77.83000183105469,1459600,0.0,0.0
2023-03-02 00:00:00-05:00,77.58000183105469,77.58000183105469,76.94999694824219,77.30999755859375,1167100,0.0,0.0
2023-03-03 00:00:00-05:00,77.38999938964844,77.73999786376953,76.77999877929688,77.55999755859375,1270200,0.0,0.0
2023-03-06 00:00:00-05:00,75.80000305175781,76.23999786376953,75.11000061035156,75.8499984741211,1811400,0.0,0.0
2023-03-07 00:00:00-05:00,75.88999938964844,75.88999938964844,74.12000274658203,74.37999725341797,1210900,0.0,0.0
2023-03-08 00:00:00-05:00,74.20999908447266,74.31999969482422,73.5999984741211,73.79000091552734,888800,0.0,0.0
2023-03-09 00:00:00-05:00,73.95999908447266,74.20999908447266,72.45999908447266,72.86000061035156,956200,0.0,0.0
2023-03-10 00:00:00-05:00,72.75,73.51000213623047,71.48999786376953,72.01000213623047,1514300,0.0,0.0
2023-03-13 00:00:00-04:00,72.2699966430664,74.54000091552734,72.18000030517578,73.18000030517578,1351600,0.0,0.0
2023-03-14 00:00:00-04:00,73.30999755859375,74.08999633789062,72.9800033569336,74.0,1269200,0.0,0.0
2023-03-15 00:00:00-04:00,73.55999755859375,73.55999755859375,72.0,72.47000122070312,1502800,0.0,0.0
2023-03-16 00:00:00-04:00,72.31999969482422,74.04000091552734,72.31999969482422,73.97000122070312,1336600,0.0,0.0
2023-03-17 00:00:00-04:00,73.97000122070312,74.01000213623047,72.80999755859375,73.62000274658203,2857500,0.0,0.0
2023-03-20 00:00:00-04:00,73.52999877929688,74.51000213623047,72.95999908447266,74.22000122070312,1197500,0.0,0.0
2023-03-21 00:00:00-04:00,74.31999969482422,74.56999969482422,73.08000183105469,73.48999786376953,1064300,0.0,0.0
2023-03-22 00:00:00-04:00,73.5199966430664,73.86000061035156,72.22000122070312,72.26000213623047,1337500,0.0,0.0
2023-03-23 00:00:00-04:00,72.41999816894531,72.83000183105469,71.69000244140625,72.26000213623047,2088200,0.0,0.0
2023-03-24 00:00:00-04:00,70.73999786376953,71.73999786376953,67.83000183105469,70.2300033569336,3459500,0.0,0.0
2023-03-27 00:00:00-04:00,70.58000183105469,71.41999816894531,70.3499984741211,70.80999755859375,1425600,0.0,0.0
2023-03-28 00:00:00-04:00,70.80999755859375,71.33000183105469,70.02999877929688,70.30999755859375,1106700,0.0,0.0
2023-03-29 00:00:00-04:00,70.7300033569336,71.22000122070312,70.51000213623047,71.13999938964844,953600,0.0,0.0
2023-03-30 00:00:00-04:00,71.38999938964844,71.4800033569336,70.83999633789062,71.04000091552734,912600,0.0,0.0
2023-03-31 00:00:00-04:00,71.16999816894531,72.37000274658203,70.95999908447266,72.2699966430664,1960900,0.0,0.0
2023-04-03 00:00:00-04:00,72.08999633789062,72.83000183105469,71.97000122070312,72.66000366210938,1173000,0.0,0.0
2023-04-04 00:00:00-04:00,72.4800033569336,72.83999633789062,72.18000030517578,72.6500015258789,1213700,0.0,0.0
2023-04-05 00:00:00-04:00,72.87999725341797,74.08000183105469,72.68000030517578,73.77999877929688,1508300,0.0,0.0
2023-04-06 00:00:00-04:00,74.0999984741211,76.04000091552734,73.87000274658203,75.51000213623047,1632600,0.0,0.0
2023-04-10 00:00:00-04:00,73.4800033569336,74.66000366210938,72.98999786376953,73.93000030517578,1457000,0.0,0.0
2023-04-11 00:00:00-04:00,74.2300033569336,74.52999877929688,73.6500015258789,74.16999816894531,1070800,0.0,0.0
2023-04-12 00:00:00-04:00,74.30999755859375,75.06999969482422,73.54000091552734,73.94000244140625,937100,0.0,0.0
2023-04-13 00:00:00-04:00,74.05000305175781,75.51000213623047,73.98999786376953,75.33000183105469,1000900,0.0,0.0
2023-04-14 00:00:00-04:00,75.12000274658203,75.27999877929688,73.91000366210938,74.5,1047600,0.0,0.0
2023-04-17 00:00:00-04:00,75.02999877929688,75.08000183105469,74.2300033569336,75.0,1524300,0.0,0.0
2023-04-18 00:00:00-04:00,74.87999725341797,74.9800033569336,72.5999984741211,73.80000305175781,1411300,0.0,0.0
2023-04-19 00:00:00-04:00,73.66999816894531,73.83000183105469,72.66000366210938,73.80999755859375,1444400,0.0,0.0
2023-04-20 00:00:00-04:00,73.63999938964844,74.27999877929688,73.12999725341797,73.8499984741211,1383600,0.0,0.0
2023-04-21 00:00:00-04:00,74.13999938964844,75.0999984741211,73.69999694824219,74.58999633789062,6704000,0.0,0.0
2023-04-24 00:00:00-04:00,74.55999755859375,75.54000091552734,74.4800033569336,75.25,1606600,0.0,0.0
2023-04-25 00:00:00-04:00,75.3499984741211,75.5199966430664,72.95999908447266,73.55000305175781,1606300,0.0,0.0
2023-04-26 00:00:00-04:00,73.0,73.61000061035156,72.23999786376953,73.52999877929688,1209800,0.0,0.0
2023-04-27 00:00:00-04:00,73.69000244140625,73.83999633789062,72.52999877929688,73.6500015258789,1405200,0.0,0.0
2023-04-28 00:00:00-04:00,73.5999984741211,75.02999877929688,73.1500015258789,74.41000366210938,1278700,0.0,0.0
2023-05-01 00:00:00-04:00,74.62999725341797,75.73999786376953,74.47000122070312,75.33999633789062,1908300,0.0,0.0
2023-05-02 00:00:00-04:00,68.08000183105469,72.16000366210938,68.05999755859375,69.95999908447266,4536500,0.0,0.0
2023-05-03 00:00:00-04:00,69.66999816894531,69.83000183105469,67.91999816894531,68.04000091552734,2474300,0.0,0.0
2023-05-04 00:00:00-04:00,67.38999938964844,67.5,66.04000091552734,66.19000244140625,2439000,0.0,0.0
2023-05-05 00:00:00-04:00,66.75,67.72000122070312,65.63999938964844,66.55999755859375,1626600,0.0,0.0
2023-05-08 00:00:00-04:00,66.58000183105469,66.69000244140625,65.48999786376953,65.79000091552734,1239900,0.0,0.0
2023-05-09 00:00:00-04:00,65.38999938964844,65.70999908447266,64.62000274658203,64.7699966430664,1583200,0.0,0.0
2023-05-10 00:00:00-04:00,64.95999908447266,65.01000213623047,63.84000015258789,63.91999816894531,1914700,0.0,0.0
2023-05-11 00:00:00-04:00,64.11000061035156,64.19000244140625,63.47999954223633,64.16999816894531,1488400,0.0,0.0
2023-05-12 00:00:00-04:00,64.19999694824219,65.41000366210938,64.16000366210938,65.27999877929688,1283100,0.0,0.0
2023-05-15 00:00:00-04:00,65.5,66.23999786376953,65.30000305175781,66.19999694824219,1429700,0.0,0.0
2023-05-16 00:00:00-04:00,65.72000122070312,65.80999755859375,64.68000030517578,64.69999694824219,1246000,0.0,0.0
2023-05-17 00:00:00-04:00,64.6500015258789,64.80000305175781,63.58000183105469,64.55000305175781,1188100,0.0,0.0
2023-05-18 00:00:00-04:00,64.56999969482422,64.75,63.060001373291016,63.630001068115234,1352500,0.0,0.0
2023-05-19 00:00:00-04:00,63.79999923706055,64.33000183105469,63.33000183105469,63.56999969482422,1905600,0.0,0.0
2023-05-22 00:00:00-04:00,63.939998626708984,64.68000030517578,63.43000030517578,64.38999938964844,1341200,0.0,0.0
2023-05-23 00:00:00-04:00,64.36000061035156,65.95999908447266,64.36000061035156,65.08000183105469,1844300,0.0,0.0
2023-05-24 00:00:00-04:00,64.80000305175781,65.12999725341797,64.2699966430664,64.27999877929688,1423500,0.0,0.0
2023-05-25 00:00:00-04:00,63.65999984741211,63.72999954223633,62.47999954223633,62.869998931884766,1716400,0.0,0.0
2023-05-26 00:00:00-04:00,62.869998931884766,63.0,62.31999969482422,62.58000183105469,1347500,0.0,0.0
2023-05-30 00:00:00-04:00,62.189998626708984,62.709999084472656,61.25,61.869998931884766,1307200,0.0,0.0
2023-05-31 00:00:00-04:00,61.91999816894531,62.439998626708984,61.40999984741211,61.54999923706055,4628700,0.0,0.0
2023-06-01 00:00:00-04:00,61.59000015258789,61.900001525878906,60.709999084472656,61.5099983215332,1755200,0.0,0.0
2023-06-02 00:00:00-04:00,61.5,62.599998474121094,61.41999816894531,62.540000915527344,1760400,0.0,0.0
2023-06-05 00:00:00-04:00,62.36000061035156,62.90999984741211,62.18000030517578,62.369998931884766,1377700,0.0,0.0
2023-06-06 00:00:00-04:00,62.650001525878906,62.7400016784668,61.40999984741211,61.709999084472656,1930500,0.0,0.0
2023-06-07 00:00:00-04:00,61.58000183105469,61.900001525878906,61.0099983215332,61.38999938964844,1648100,0.0,0.0
2023-06-08 00:00:00-04:00,61.5,61.75,60.95000076293945,61.5099983215332,1313700,0.0,0.0
2023-06-09 00:00:00-04:00,61.34000015258789,61.7599983215332,60.61000061035156,61.040000915527344,1509300,0.0,0.0
2023-06-12 00:00:00-04:00,61.15999984741211,62.119998931884766,61.0,62.099998474121094,3646000,0.0,0.0
2023-06-13 00:00:00-04:00,61.79999923706055,62.689998626708984,61.58000183105469,61.95000076293945,4615500,0.0,0.0
2023-06-14 00:00:00-04:00,62.13999938964844,62.29999923706055,61.279998779296875,61.439998626708984,1631300,0.0,0.0
2023-06-15 00:00:00-04:00,61.369998931884766,62.650001525878906,61.209999084472656,62.58000183105469,3215300,0.0,0.0
2023-06-16 00:00:00-04:00,62.810001373291016,64.0199966430664,62.47999954223633,63.22999954223633,8439900,0.0,0.0
2023-06-20 00:00:00-04:00,63.41999816894531,63.529998779296875,61.689998626708984,61.75,2862700,0.0,0.0
2023-06-21 00:00:00-04:00,61.790000915527344,62.25,61.459999084472656,61.88999938964844,2824200,0.0,0.0
2023-06-22 00:00:00-04:00,61.88999938964844,62.119998931884766,61.63999938964844,61.90999984741211,2660300,0.0,0.0
2023-06-23 00:00:00-04:00,61.88999938964844,62.97999954223633,61.58000183105469,62.45000076293945,4453800,0.0,0.0
2023-06-26 00:00:00-04:00,62.4900016784668,63.060001373291016,61.2599983215332,62.939998626708984,2052400,0.0,0.0
2023-06-27 00:00:00-04:00,63.09000015258789,63.40999984741211,61.16999816894531,61.68000030517578,1706300,0.0,0.0
2023-06-28 00:00:00-04:00,61.97999954223633,61.97999954223633,60.56999969482422,60.95000076293945,1863700,0.0,0.0
2023-06-29 00:00:00-04:00,60.84000015258789,62.040000915527344,60.560001373291016,61.849998474121094,1836300,0.0,0.0
2023-06-30 00:00:00-04:00,62.11000061035156,62.47999954223633,61.86000061035156,62.25,1449200,0.0,0.0
2023-07-03 00:00:00-04:00,62.150001525878906,62.52000045776367,61.81999969482422,62.08000183105469,543000,0.0,0.0
2023-07-05 00:00:00-04:00,62.25,63.040000915527344,61.72999954223633,62.9900016784668,1612200,0.0,0.0
2023-07-06 00:00:00-04:00,62.68000030517578,63.04999923706055,62.22999954223633,62.86000061035156,1374700,0.0,0.0
2023-07-07 00:00:00-04:00,62.77000045776367,62.869998931884766,61.66999816894531,62.06999969482422,1054300,0.0,0.0
2023-07-10 00:00:00-04:00,61.91999816894531,62.709999084472656,61.790000915527344,61.88999938964844,1239300,0.0,0.0
2023-07-11 00:00:00-04:00,62.15999984741211,62.880001068115234,61.93000030517578,62.84000015258789,1206100,0.0,0.0
2023-07-12 00:00:00-04:00,63.650001525878906,63.650001525878906,62.5,62.650001525878906,1730100,0.0,0.0
2023-07-13 00:00:00-04:00,62.630001068115234,62.689998626708984,61.90999984741211,61.939998626708984,1124100,0.0,0.0
2023-07-14 00:00:00-04:00,61.75,62.04999923706055,60.86000061035156,61.7599983215332,1175800,0.0,0.0
2023-07-17 00:00:00-04:00,61.709999084472656,61.7400016784668,61.04999923706055,61.08000183105469,1121800,0.0,0.0
2023-07-18 00:00:00-04:00,61.029998779296875,62.77000045776367,61.029998779296875,61.68000030517578,1611800,0.0,0.0
2023-07-19 00:00:00-04:00,62.2599983215332,62.939998626708984,62.029998779296875,62.900001525878906,1533400,0.0,0.0
2023-07-20 00:00:00-04:00,63.29999923706055,64.04000091552734,63.11000061035156,64.01000213623047,1648400,0.0,0.0
2023-07-21 00:00:00-04:00,64.16999816894531,64.38999938964844,63.4900016784668,64.1500015258789,1663900,0.0,0.0
2023-07-24 00:00:00-04:00,64.26000213623047,64.5,63.31999969482422,63.459999084472656,973100,0.0,0.0
2023-07-25 00:00:00-04:00,63.939998626708984,64.37999725341797,63.619998931884766,63.790000915527344,1316700,0.0,0.0
2023-07-26 00:00:00-04:00,63.79999923706055,63.79999923706055,62.529998779296875,62.79999923706055,1466200,0.0,0.0
2023-07-27 00:00:00-04:00,62.77000045776367,63.349998474121094,62.52000045776367,62.68000030517578,1347200,0.0,0.0
2023-07-28 00:00:00-04:00,63.150001525878906,63.25,62.5,63.09000015258789,1314500,0.0,0.0
2023-07-31 00:00:00-04:00,63.06999969482422,63.95000076293945,62.900001525878906,63.720001220703125,2092000,0.0,0.0
2023-08-01 00:00:00-04:00,65.47000122070312,65.76000213623047,62.20000076293945,63.689998626708984,2591400,0.0,0.0
2023-08-02 00:00:00-04:00,63.790000915527344,65.9800033569336,63.790000915527344,65.68000030517578,2041100,0.0,0.0
2023-08-03 00:00:00-04:00,65.72000122070312,65.83000183105469,64.97000122070312,64.9800033569336,1300100,0.0,0.0
2023-08-04 00:00:00-04:00,64.45999908447266,65.0999984741211,63.58000183105469,63.630001068115234,1261200,0.0,0.0
2023-08-07 00:00:00-04:00,63.790000915527344,65.19999694824219,63.56999969482422,64.91000366210938,1627300,0.0,0.0
2023-08-08 00:00:00-04:00,65.2699966430664,65.54000091552734,64.26000213623047,64.52999877929688,1165400,0.0,0.0
2023-08-09 00:00:00-04:00,64.58000183105469,65.93000030517578,64.54000091552734,65.41999816894531,1372900,0.0,0.0
2023-08-10 00:00:00-04:00,65.66000366210938,66.44000244140625,65.2699966430664,65.51000213623047,1703900,0.0,0.0
2023-08-11 00:00:00-04:00,65.7300033569336,66.23999786376953,65.44999694824219,65.93000030517578,1061000,0.0,0.0
2023-08-14 00:00:00-04:00,65.70999908447266,66.1500015258789,65.0999984741211,65.23999786376953,2256800,0.0,0.0
2023-08-15 00:00:00-04:00,64.91000366210938,65.69999694824219,64.7699966430664,65.41000366210938,787700,0.0,0.0
2023-08-16 00:00:00-04:00,65.19000244140625,65.62999725341797,64.62999725341797,64.7300033569336,1044700,0.0,0.0
2023-08-17 00:00:00-04:00,64.79000091552734,65.0199966430664,64.12999725341797,64.20999908447266,1875800,0.0,0.0
2023-08-18 00:00:00-04:00,63.779998779296875,64.55999755859375,63.58000183105469,64.04000091552734,831700,0.0,0.0
2023-08-21 00:00:00-04:00,64.04000091552734,65.0199966430664,63.66999816894531,64.87999725341797,1459300,0.0,0.0
2023-08-22 00:00:00-04:00,64.83000183105469,65.55000305175781,64.45999908447266,64.79000091552734,1212000,0.0,0.0
2023-08-23 00:00:00-04:00,65.04000091552734,65.27999877929688,64.37999725341797,64.6500015258789,1053200,0.0,0.0
2023-08-24 00:00:00-04:00,64.52999877929688,65.37999725341797,64.19000244140625,64.2300033569336,1107800,0.0,0.0
2023-08-25 00:00:00-04:00,64.25,64.55999755859375,63.56999969482422,63.86000061035156,1113100,0.0,0.0
2023-08-28 00:00:00-04:00,64.0,65.12999725341797,63.84000015258789,64.83000183105469,1121600,0.0,0.0
2023-08-29 00:00:00-04:00,64.81999969482422,65.61000061035156,64.41000366210938,64.58999633789062,1411100,0.0,0.0
2023-08-30 00:00:00-04:00,64.62999725341797,65.44000244140625,64.5999984741211,65.25,1578300,0.0,0.0
2023-08-31 00:00:00-04:00,65.19000244140625,65.37999725341797,64.4000015258789,64.52999877929688,1409000,0.0,0.0
2023-09-01 00:00:00-04:00,65.02999877929688,65.43000030517578,64.55999755859375,64.69000244140625,1356100,0.0,0.0
2023-09-05 00:00:00-04:00,64.83000183105469,65.16000366210938,63.22999954223633,63.279998779296875,1863700,0.0,0.0
2023-09-06 00:00:00-04:00,63.22999954223633,63.5099983215332,62.52000045776367,63.189998626708984,1939100,0.0,0.0
2023-09-07 00:00:00-04:00,63.2599983215332,63.560001373291016,62.779998779296875,63.45000076293945,2492500,0.0,0.0
2023-09-08 00:00:00-04:00,63.810001373291016,64.33000183105469,63.59000015258789,63.97999954223633,1409500,0.0,0.0
2023-09-11 00:00:00-04:00,64.02999877929688,64.83999633789062,63.72999954223633,64.41000366210938,1788600,0.0,0.0
2023-09-12 00:00:00-04:00,64.5,64.69000244140625,63.650001525878906,64.2300033569336,1454800,0.0,0.0
2023-09-13 00:00:00-04:00,64.2300033569336,64.56999969482422,62.9900016784668,63.099998474121094,1737600,0.0,0.0
2023-09-14 00:00:00-04:00,63.15999984741211,63.849998474121094,62.90999984741211,63.47999954223633,1774900,0.0,0.0
2023-09-15 00:00:00-04:00,63.43000030517578,63.90999984741211,62.5,62.54999923706055,2100500,0.0,0.0
2023-09-18 00:00:00-04:00,59.83000183105469,60.04999923706055,58.540000915527344,59.5099983215332,4662000,0.0,0.0
2023-09-19 00:00:00-04:00,59.529998779296875,60.83000183105469,59.52000045776367,60.599998474121094,2577000,0.0,0.0
2023-09-20 00:00:00-04:00,60.75,61.0,60.29999923706055,60.369998931884766,1376300,0.0,0.0
2023-09-21 00:00:00-04:00,60.2400016784668,60.38999938964844,58.7599983215332,58.810001373291016,2011700,0.0,0.0
2023-09-22 00:00:00-04:00,58.77000045776367,59.34000015258789,57.90999984741211,58.099998474121094,2306900,0.0,0.0
2023-09-25 00:00:00-04:00,58.04999923706055,58.83000183105469,57.900001525878906,58.75,1903000,0.0,0.0
2023-09-26 00:00:00-04:00,58.560001373291016,59.619998931884766,58.52000045776367,59.279998779296875,1473000,0.0,0.0
2023-09-27 00:00:00-04:00,59.459999084472656,59.849998474121094,58.7400016784668,59.11000061035156,1118200,0.0,0.0
2023-09-28 00:00:00-04:00,59.130001068115234,59.33000183105469,58.45000076293945,58.61000061035156,795200,0.0,0.0
2023-09-29 00:00:00-04:00,58.86000061035156,58.86000061035156,57.65999984741211,57.77000045776367,1428700,0.0,0.0
2023-10-02 00:00:00-04:00,57.61000061035156,58.09000015258789,56.81999969482422,58.060001373291016,1964600,0.0,0.0
2023-10-03 00:00:00-04:00,57.75,58.689998626708984,57.619998931884766,58.560001373291016,1846100,0.0,0.0
2023-10-04 00:00:00-04:00,58.810001373291016,58.810001373291016,57.56999969482422,58.15999984741211,1549300,0.0,0.0
2023-10-05 00:00:00-04:00,58.130001068115234,58.869998931884766,58.04999923706055,58.810001373291016,1483100,0.0,0.0
2023-10-06 00:00:00-04:00,58.720001220703125,58.7599983215332,57.310001373291016,57.33000183105469,1545900,0.0,0.0
2023-10-09 00:00:00-04:00,56.88999938964844,57.0099983215332,55.650001525878906,56.68000030517578,2210100,0.0,0.0
2023-10-10 00:00:00-04:00,56.95000076293945,57.7400016784668,56.779998779296875,57.2400016784668,1505300,0.0,0.0
2023-10-11 00:00:00-04:00,57.5,57.79999923706055,56.72999954223633,56.959999084472656,1357300,0.0,0.0
2023-10-12 00:00:00-04:00,56.93000030517578,56.93000030517578,56.08000183105469,56.56999969482422,1334100,0.0,0.0
2023-10-13 00:00:00-04:00,56.41999816894531,57.630001068115234,56.41999816894531,57.61000061035156,1248300,0.0,0.0
2023-10-16 00:00:00-04:00,57.970001220703125,58.060001373291016,57.29999923706055,57.630001068115234,1207300,0.0,0.0
2023-10-17 00:00:00-04:00,57.5099983215332,57.91999816894531,56.900001525878906,57.189998626708984,1166200,0.0,0.0
2023-10-18 00:00:00-04:00,57.060001373291016,57.689998626708984,56.66999816894531,56.81999969482422,1351200,0.0,0.0
2023-10-19 00:00:00-04:00,56.369998931884766,56.63999938964844,55.4900016784668,55.63999938964844,1699400,0.0,0.0
2023-10-20 00:00:00-04:00,55.63999938964844,56.130001068115234,54.97999954223633,55.130001068115234,2138800,0.0,0.0
2023-10-23 00:00:00-04:00,55.15999984741211,55.400001525878906,54.529998779296875,55.099998474121094,1426400,0.0,0.0
2023-10-24 00:00:00-04:00,55.380001068115234,55.900001525878906,54.61000061035156,54.95000076293945,1669300,0.0,0.0
2023-10-25 00:00:00-04:00,54.47999954223633,54.70000076293945,53.470001220703125,54.25,1385100,0.0,0.0
2023-10-26 00:00:00-04:00,54.13999938964844,54.38999938964844,53.59000015258789,54.27000045776367,1769600,0.0,0.0
2023-10-27 00:00:00-04:00,54.2400016784668,54.540000915527344,52.36000061035156,52.540000915527344,1495400,0.0,0.0
2023-10-30 00:00:00-04:00,52.599998474121094,52.9900016784668,51.369998931884766,52.15999984741211,3300300,0.0,0.0
2023-10-31 00:00:00-04:00,51.959999084472656,54.08000183105469,50.27000045776367,53.93000030517578,3744800,0.0,0.0
2023-11-01 00:00:00-04:00,54.0,54.59000015258789,52.88999938964844,54.369998931884766,2239900,0.0,0.0
2023-11-02 00:00:00-04:00,54.220001220703125,54.7599983215332,53.5099983215332,53.970001220703125,1295100,0.0,0.0
2023-11-03 00:00:00-04:00,54.25,55.0,54.02000045776367,54.849998474121094,2001800,0.0,0.0
2023-11-06 00:00:00-05:00,55.20000076293945,55.36000061035156,54.349998474121094,54.56999969482422,1375500,0.0,0.0
2023-11-07 00:00:00-05:00,54.36000061035156,54.91999816894531,54.04999923706055,54.720001220703125,1365400,0.0,0.0
2023-11-08 00:00:00-05:00,54.849998474121094,54.849998474121094,53.47999954223633,54.060001373291016,1886500,0.0,0.0
2023-11-09 00:00:00-05:00,54.25,54.369998931884766,52.31999969482422,52.52000045776367,1567500,0.0,0.0
2023-11-10 00:00:00-05:00,52.72999954223633,52.72999954223633,51.470001220703125,52.439998626708984,1552900,0.0,0.0
2023-11-13 00:00:00-05:00,52.09000015258789,53.40999984741211,52.09000015258789,53.119998931884766,1593300,0.0,0.0
2023-11-14 00:00:00-05:00,53.599998474121094,54.810001373291016,53.380001068115234,54.56999969482422,1938400,0.0,0.0
2023-11-15 00:00:00-05:00,54.439998626708984,55.5,54.310001373291016,54.97999954223633,1953400,0.0,0.0
2023-11-16 00:00:00-05:00,55.130001068115234,55.16999816894531,53.54999923706055,53.9900016784668,1748800,0.0,0.0
2023-11-17 00:00:00-05:00,54.459999084472656,54.4900016784668,53.779998779296875,54.27000045776367,2990900,0.0,0.0
2023-11-20 00:00:00-05:00,54.4900016784668,55.18000030517578,54.209999084472656,54.709999084472656,1512200,0.0,0.0
2023-11-21 00:00:00-05:00,53.20000076293945,54.0,52.81999969482422,53.22999954223633,1489300,0.0,0.0
2023-11-22 00:00:00-05:00,53.529998779296875,54.099998474121094,53.2400016784668,53.400001525878906,1110900,0.0,0.0
2023-11-24 00:00:00-05:00,53.58000183105469,53.779998779296875,53.209999084472656,53.7400016784668,430700,0.0,0.0
2023-11-27 00:00:00-05:00,53.63999938964844,53.68000030517578,52.40999984741211,52.869998931884766,1238800,0.0,0.0
2023-11-28 00:00:00-05:00,52.91999816894531,52.91999816894531,52.20000076293945,52.70000076293945,1760400,0.0,0.0
2023-11-29 00:00:00-05:00,52.91999816894531,53.65999984741211,52.79999923706055,53.38999938964844,1535000,0.0,0.0
2023-11-30 00:00:00-05:00,53.93000030517578,54.529998779296875,53.630001068115234,54.34000015258789,4012400,0.0,0.0
2023-12-01 00:00:00-05:00,54.41999816894531,54.61000061035156,53.619998931884766,54.02000045776367,1882500,0.0,0.0
2023-12-04 00:00:00-05:00,55.279998779296875,55.939998626708984,54.68000030517578,54.959999084472656,1863800,0.0,0.0
2023-12-05 00:00:00-05:00,54.689998626708984,55.41999816894531,54.52000045776367,54.81999969482422,1429800,0.0,0.0
2023-12-06 00:00:00-05:00,54.709999084472656,55.63999938964844,54.25,55.41999816894531,1358200,0.0,0.0
2023-12-07 00:00:00-05:00,55.65999984741211,55.65999984741211,54.70000076293945,55.18000030517578,1276600,0.0,0.0
2023-12-08 00:00:00-05:00,55.16999816894531,55.16999816894531,54.29999923706055,54.70000076293945,1517300,0.0,0.0
2023-12-11 00:00:00-05:00,54.81999969482422,57.099998474121094,54.7400016784668,57.040000915527344,2385200,0.0,0.0
2023-12-12 00:00:00-05:00,57.36000061035156,62.45000076293945,57.119998931884766,61.86000061035156,6164600,0.0,0.0
2023-12-13 00:00:00-05:00,62.45000076293945,64.83999633789062,62.2400016784668,64.19000244140625,4060800,0.0,0.0
2023-12-14 00:00:00-05:00,64.5,64.98999786376953,63.65999984741211,63.84000015258789,3019800,0.0,0.0
2023-12-15 00:00:00-05:00,63.81999969482422,64.30000305175781,61.47999954223633,62.29999923706055,6207000,0.0,0.0
2023-12-18 00:00:00-05:00,62.279998779296875,62.31999969482422,60.349998474121094,60.619998931884766,2304100,0.0,0.0
2023-12-19 00:00:00-05:00,60.970001220703125,62.2599983215332,60.63999938964844,61.900001525878906,1790000,0.0,0.0
2023-12-20 00:00:00-05:00,62.0,62.189998626708984,60.619998931884766,60.7599983215332,1901500,0.0,0.0
2023-12-21 00:00:00-05:00,61.150001525878906,61.81999969482422,60.90999984741211,61.689998626708984,2092200,0.0,0.0
2023-12-22 00:00:00-05:00,61.91999816894531,63.40999984741211,61.810001373291016,62.849998474121094,980100,0.0,0.0
2023-12-26 00:00:00-05:00,63.099998474121094,63.22999954223633,62.209999084472656,62.54999923706055,1295800,0.0,0.0
2023-12-27 00:00:00-05:00,62.439998626708984,62.790000915527344,62.130001068115234,62.68000030517578,1165800,0.0,0.0
2023-12-28 00:00:00-05:00,62.900001525878906,63.56999969482422,62.59000015258789,62.72999954223633,1115700,0.0,0.0
2023-12-29 00:00:00-05:00,62.439998626708984,63.06999969482422,62.40999984741211,62.790000915527344,992900,0.0,0.0
2024-01-02 00:00:00-05:00,62.38999938964844,65.48999786376953,62.38999938964844,65.44999694824219,1458700,0.0,0.0
2024-01-03 00:00:00-05:00,65.44999694824219,67.05999755859375,65.12999725341797,65.51000213623047,2586900,0.0,0.0
2024-01-04 00:00:00-05:00,65.45999908447266,67.36000061035156,65.36000061035156,66.58999633789062,2999500,0.0,0.0
2024-01-05 00:00:00-05:00,66.31999969482422,66.47000122070312,65.18000030517578,65.26000213623047,1942600,0.0,0.0
2024-01-08 00:00:00-05:00,64.9000015258789,65.83999633789062,62.349998474121094,65.81999969482422,2102000,0.0,0.0
2024-01-09 00:00:00-05:00,65.81999969482422,66.16999816894531,63.45000076293945,64.37999725341797,1951300,0.0,0.0
2024-01-10 00:00:00-05:00,64.19999694824219,65.18000030517578,63.869998931884766,64.13999938964844,1752800,0.0,0.0
2024-01-11 00:00:00-05:00,63.58000183105469,63.58000183105469,62.70000076293945,63.11000061035156,1780200,0.0,0.0
2024-01-12 00:00:00-05:00,63.29999923706055,63.880001068115234,62.459999084472656,62.7400016784668,1125200,0.0,0.0
2024-01-16 00:00:00-05:00,62.59000015258789,62.63999938964844,61.220001220703125,61.34000015258789,1410600,0.0,0.0
2024-01-17 00:00:00-05:00,61.18000030517578,61.84000015258789,60.369998931884766,61.47999954223633,1218600,0.0,0.0
2024-01-18 00:00:00-05:00,61.29999923706055,61.54999923706055,60.27000045776367,61.18000030517578,1139400,0.0,0.0
2024-01-19 00:00:00-05:00,61.279998779296875,61.66999816894531,60.45000076293945,61.4900016784668,1212300,0.0,0.0
2024-01-22 00:00:00-05:00,61.810001373291016,61.93000030517578,60.61000061035156,61.5,1117100,0.0,0.0
2024-01-23 00:00:00-05:00,61.72999954223633,62.189998626708984,60.93000030517578,61.869998931884766,1097500,0.0,0.0
2024-01-24 00:00:00-05:00,62.04999923706055,62.13999938964844,60.779998779296875,60.84000015258789,1317300,0.0,0.0
2024-01-25 00:00:00-05:00,60.72999954223633,61.31999969482422,59.58000183105469,60.91999816894531,1114700,0.0,0.0
2024-01-26 00:00:00-05:00,61.31999969482422,61.709999084472656,60.29999923706055,60.63999938964844,1030100,0.0,0.0
2024-01-29 00:00:00-05:00,60.36000061035156,60.84000015258789,59.77000045776367,60.470001220703125,1253100,0.0,0.0
2024-01-30 00:00:00-05:00,60.5,60.5,59.150001525878906,59.279998779296875,1865500,0.0,0.0
2024-01-31 00:00:00-05:00,59.29999923706055,59.47999954223633,58.52000045776367,58.77000045776367,1857900,0.0,0.0
2024-02-01 00:00:00-05:00,58.52000045776367,59.27000045776367,58.029998779296875,59.15999984741211,1402300,0.0,0.0
2024-02-02 00:00:00-05:00,58.630001068115234,59.27000045776367,58.04999923706055,58.349998474121094,1148100,0.0,0.0
2024-02-05 00:00:00-05:00,58.0,58.470001220703125,57.630001068115234,58.060001373291016,1249000,0.0,0.0
2024-02-06 00:00:00-05:00,58.5,59.939998626708984,57.689998626708984,59.630001068115234,2025600,0.0,0.0
2024-02-07 00:00:00-05:00,59.2400016784668,59.58000183105469,57.34000015258789,57.34000015258789,1368600,0.0,0.0
2024-02-08 00:00:00-05:00,57.349998474121094,57.720001220703125,56.099998474121094,57.36000061035156,1703700,0.0,0.0
2024-02-09 00:00:00-05:00,57.369998931884766,57.959999084472656,57.09000015258789,57.65999984741211,1761900,0.0,0.0
2024-02-12 00:00:00-05:00,57.790000915527344,58.43000030517578,57.380001068115234,57.84000015258789,2211600,0.0,0.0
2024-02-13 00:00:00-05:00,60.040000915527344,60.70000076293945,57.83000183105469,59.34000015258789,3494600,0.0,0.0
2024-02-14 00:00:00-05:00,58.59000015258789,60.20000076293945,57.5099983215332,57.88999938964844,2235700,0.0,0.0
2024-02-15 00:00:00-05:00,58.09000015258789,59.869998931884766,57.88999938964844,58.970001220703125,1436600,0.0,0.0
2024-02-16 00:00:00-05:00,58.880001068115234,59.11000061035156,57.91999816894531,57.959999084472656,1132000,0.0,0.0
2024-02-20 00:00:00-05:00,57.790000915527344,59.5,57.619998931884766,58.81999969482422,2167000,0.0,0.0
2024-02-21 00:00:00-05:00,59.08000183105469,60.459999084472656,59.04999923706055,60.33000183105469,1960800,0.0,0.0
2024-02-22 00:00:00-05:00,60.33000183105469,61.34000015258789,59.459999084472656,60.90999984741211,1701500,0.0,0.0
2024-02-23 00:00:00-05:00,61.79999923706055,61.869998931884766,60.310001373291016,60.59000015258789,1373200,0.0,0.0
2024-02-26 00:00:00-05:00,60.33000183105469,61.439998626708984,60.099998474121094,60.529998779296875,1246700,0.0,0.0
2024-02-27 00:00:00-05:00,60.650001525878906,61.47999954223633,59.72999954223633,61.0,1370000,0.0,0.0
2024-02-28 00:00:00-05:00,60.77000045776367,61.0,59.90999984741211,59.97999954223633,1118700,0.0,0.0
2024-02-29 00:00:00-05:00,60.209999084472656,60.209999084472656,58.25,58.36000061035156,3087000,0.0,0.0
2024-03-01 00:00:00-05:00,58.70000076293945,59.65999984741211,58.369998931884766,59.04999923706055,1574700,0.0,0.0
2024-03-04 00:00:00-05:00,59.25,59.779998779296875,58.06999969482422,59.720001220703125,1663300,0.0,0.0
2024-03-05 00:00:00-05:00,59.959999084472656,60.189998626708984,58.06999969482422,58.900001525878906,1876800,0.0,0.0
2024-03-06 00:00:00-05:00,59.209999084472656,59.70000076293945,58.52000045776367,59.2599983215332,1797500,0.0,0.0
2024-03-07 00:00:00-05:00,59.4900016784668,59.720001220703125,58.33000183105469,59.029998779296875,1581700,0.0,0.0
2024-03-08 00:00:00-05:00,59.16999816894531,60.16999816894531,59.13999938964844,60.02000045776367,1572400,0.0,0.0
2024-03-11 00:00:00-04:00,60.150001525878906,61.15999984741211,59.70000076293945,60.790000915527344,2193100,0.0,0.0
2024-03-12 00:00:00-04:00,60.720001220703125,60.900001525878906,58.900001525878906,59.33000183105469,1643800,0.0,0.0
2024-03-13 00:00:00-04:00,59.349998474121094,60.220001220703125,58.599998474121094,58.91999816894531,1335500,0.0,0.0
2024-03-14 00:00:00-04:00,58.75,59.119998931884766,58.099998474121094,58.540000915527344,1230900,0.0,0.0
2024-03-15 00:00:00-04:00,58.29999923706055,58.7599983215332,57.529998779296875,58.369998931884766,4902000,0.0,0.0
2024-03-18 00:00:00-04:00,58.75,58.779998779296875,57.29999923706055,57.34000015258789,1811400,0.0,0.0
2024-03-19 00:00:00-04:00,57.70000076293945,58.439998626708984,57.18000030517578,58.33000183105469,2502900,0.0,0.0
2024-03-20 00:00:00-04:00,58.029998779296875,58.43000030517578,57.4900016784668,58.2400016784668,1714300,0.0,0.0
2024-03-21 00:00:00-04:00,58.56999969482422,59.029998779296875,57.470001220703125,57.720001220703125,1535800,0.0,0.0
2024-03-22 00:00:00-04:00,57.97999954223633,57.97999954223633,56.959999084472656,56.97999954223633,1192600,0.0,0.0
2024-03-25 00:00:00-04:00,57.13999938964844,57.59000015258789,56.56999969482422,57.47999954223633,1882700,0.0,0.0
2024-03-26 00:00:00-04:00,57.529998779296875,57.560001373291016,56.5099983215332,56.54999923706055,1805700,0.0,0.0
2024-03-27 00:00:00-04:00,56.52000045776367,57.349998474121094,56.5,57.119998931884766,1653600,0.0,0.0
2024-03-28 00:00:00-04:00,57.25,57.400001525878906,56.61000061035156,56.970001220703125,1883100,0.0,0.0
2024-04-01 00:00:00-04:00,56.970001220703125,57.0,56.029998779296875,56.63999938964844,1270500,0.0,0.0
2024-04-02 00:00:00-04:00,56.560001373291016,57.150001525878906,55.790000915527344,55.83000183105469,2088900,0.0,0.0
2024-04-03 00:00:00-04:00,55.84000015258789,56.209999084472656,55.0,55.310001373291016,1909800,0.0,0.0
2024-04-04 00:00:00-04:00,55.54999923706055,55.86000061035156,54.81999969482422,54.9900016784668,1546100,0.0,0.0
2024-04-05 00:00:00-04:00,54.84000015258789,55.40999984741211,54.2599983215332,55.2400016784668,1603300,0.0,0.0
2024-04-08 00:00:00-04:00,54.970001220703125,55.41999816894531,54.41999816894531,55.04999923706055,1239000,0.0,0.0
2024-04-09 00:00:00-04:00,55.20000076293945,56.459999084472656,55.189998626708984,55.29999923706055,1483400,0.0,0.0
2024-04-10 00:00:00-04:00,54.849998474121094,55.25,54.470001220703125,55.0,1052600,0.0,0.0
2024-04-11 00:00:00-04:00,55.34000015258789,55.9900016784668,54.630001068115234,54.91999816894531,1581000,0.0,0.0
2024-04-12 00:00:00-04:00,54.720001220703125,55.029998779296875,53.7599983215332,53.849998474121094,1227500,0.0,0.0
2024-04-15 00:00:00-04:00,53.90999984741211,54.29999923706055,53.40999984741211,53.43000030517578,1574400,0.0,0.0
2024-04-16 00:00:00-04:00,53.34000015258789,54.09000015258789,53.150001525878906,53.220001220703125,1465400,0.0,0.0
2024-04-17 00:00:00-04:00,53.220001220703125,53.79999923706055,52.70000076293945,52.720001220703125,2525500,0.0,0.0
2024-04-18 00:00:00-04:00,52.959999084472656,53.150001525878906,52.2599983215332,52.81999969482422,1830300,0.0,0.0
2024-04-19 00:00:00-04:00,52.970001220703125,53.0,52.0,52.349998474121094,2181300,0.0,0.0
2024-04-22 00:00:00-04:00,52.43000030517578,52.619998931884766,51.880001068115234,51.91999816894531,1751600,0.0,0.0
2024-04-23 00:00:00-04:00,52.0,52.220001220703125,51.38999938964844,51.650001525878906,2493700,0.0,0.0
2024-04-24 00:00:00-04:00,51.650001525878906,51.84000015258789,51.13999938964844,51.7400016784668,1564400,0.0,0.0
2024-04-25 00:00:00-04:00,51.58000183105469,51.849998474121094,50.349998474121094,51.18000030517578,1771900,0.0,0.0
2024-04-26 00:00:00-04:00,50.9900016784668,51.849998474121094,50.869998931884766,51.68000030517578,1564300,0.0,0.0
2024-04-29 00:00:00-04:00,51.75,53.27000045776367,51.709999084472656,52.560001373291016,3081700,0.0,0.0
2024-04-30 00:00:00-04:00,50.400001525878906,53.84000015258789,50.349998474121094,52.04999923706055,4773200,0.0,0.0
2024-05-01 00:00:00-04:00,51.869998931884766,53.97999954223633,51.75,52.939998626708984,3577700,0.0,0.0
2024-05-02 00:00:00-04:00,53.02000045776367,53.459999084472656,52.279998779296875,53.09000015258789,2020500,0.0,0.0
2024-05-03 00:00:00-04:00,53.70000076293945,53.869998931884766,52.72999954223633,53.7599983215332,1407400,0.0,0.0
2024-05-06 00:00:00-04:00,53.790000915527344,54.189998626708984,53.45000076293945,54.08000183105469,2016500,0.0,0.0
2024-05-07 00:00:00-04:00,54.5,54.91999816894531,53.959999084472656,54.369998931884766,1901300,0.0,0.0
2024-05-08 00:00:00-04:00,54.369998931884766,54.4900016784668,53.22999954223633,53.5099983215332,2208600,0.0,0.0
2024-05-09 00:00:00-04:00,53.7599983215332,53.939998626708984,53.099998474121094,53.5,1428500,0.0,0.0
2024-05-10 00:00:00-04:00,53.38999938964844,53.66999816894531,52.810001373291016,53.060001373291016,1505300,0.0,0.0
2024-05-13 00:00:00-04:00,57.0,58.93000030517578,56.619998931884766,57.599998474121094,7237400,0.0,0.0
2024-05-14 00:00:00-04:00,57.599998474121094,58.11000061035156,56.849998474121094,57.04999923706055,2735000,0.0,0.0
2024-05-15 00:00:00-04:00,57.43000030517578,57.439998626708984,56.779998779296875,57.04999923706055,3395200,0.0,0.0
2024-05-16 00:00:00-04:00,56.86000061035156,57.380001068115234,56.369998931884766,56.86000061035156,3042700,0.0,0.0
2024-05-17 00:00:00-04:00,56.83000183105469,57.25,56.400001525878906,57.099998474121094,1618300,0.0,0.0
2024-05-20 00:00:00-04:00,57.209999084472656,57.369998931884766,56.9900016784668,57.189998626708984,1977900,0.0,0.0
2024-05-21 00:00:00-04:00,57.11000061035156,57.5099983215332,56.93000030517578,57.400001525878906,1826200,0.0,0.0
2024-05-22 00:00:00-04:00,57.380001068115234,58.380001068115234,57.34000015258789,58.20000076293945,2667100,0.0,0.0
2024-05-23 00:00:00-04:00,57.869998931884766,58.189998626708984,57.279998779296875,57.45000076293945,2206000,0.0,0.0
2024-05-24 00:00:00-04:00,57.560001373291016,57.779998779296875,57.189998626708984,57.310001373291016,1966900,0.0,0.0
2024-05-28 00:00:00-04:00,57.25,57.5,56.619998931884766,57.25,2276700,0.0,0.0
2024-05-29 00:00:00-04:00,56.869998931884766,57.29999923706055,56.40999984741211,56.91999816894531,4190500,0.0,0.0
2024-05-30 00:00:00-04:00,57.04999923706055,57.560001373291016,56.79999923706055,57.29999923706055,2254700,0.0,0.0
2024-05-31 00:00:00-04:00,57.36000061035156,57.97999954223633,57.29999923706055,57.790000915527344,5049800,0.0,0.0
2024-06-03 00:00:00-04:00,57.560001373291016,59.06999969482422,57.560001373291016,58.79999923706055,7764700,0.0,0.0
2024-06-04 00:00:00-04:00,58.66999816894531,59.31999969482422,58.52000045776367,58.56999969482422,6497700,0.0,0.0
2024-06-05 00:00:00-04:00,58.599998474121094,59.099998474121094,57.95000076293945,59.029998779296875,7494700,0.0,0.0
2024-06-06 00:00:00-04:00,58.90999984741211,59.27000045776367,58.189998626708984,58.40999984741211,7860200,0.0,0.0
2024-06-07 00:00:00-04:00,58.13999938964844,59.2400016784668,58.02000045776367,59.15999984741211,8706300,0.0,0.0
2024-06-10 00:00:00-04:00,59.0099983215332,59.47999954223633,58.90999984741211,59.400001525878906,10171000,0.0,0.0
2024-06-11 00:00:00-04:00,59.40999984741211,59.65999984741211,57.970001220703125,59.47999954223633,9175700,0.0,0.0
2024-06-12 00:00:00-04:00,59.59000015258789,60.65999984741211,59.369998931884766,59.939998626708984,6112000,0.0,0.0
2024-06-13 00:00:00-04:00,59.97999954223633,62.959999084472656,59.959999084472656,62.689998626708984,6474000,0.0,0.0
2024-06-14 00:00:00-04:00,62.279998779296875,63.08000183105469,61.41999816894531,62.11000061035156,4892000,0.0,0.0
2024-06-17 00:00:00-04:00,61.7599983215332,62.83000183105469,61.47999954223633,62.689998626708984,6287100,0.0,0.0
2024-06-18 00:00:00-04:00,62.650001525878906,64.30000305175781,61.18000030517578,61.439998626708984,5074200,0.0,0.0
2024-06-20 00:00:00-04:00,61.27000045776367,62.95000076293945,61.189998626708984,62.36000061035156,3374000,0.0,0.0
2024-06-21 00:00:00-04:00,63.06999969482422,63.810001373291016,62.459999084472656,63.220001220703125,9700700,0.0,0.0
2024-06-24 00:00:00-04:00,63.369998931884766,64.08999633789062,62.779998779296875,63.75,2614800,0.0,0.0
2024-06-25 00:00:00-04:00,63.599998474121094,63.72999954223633,63.08000183105469,63.099998474121094,1708500,0.0,0.0
2024-06-26 00:00:00-04:00,63.0099983215332,63.0099983215332,61.59000015258789,61.75,2384600,0.0,0.0
2024-06-27 00:00:00-04:00,61.970001220703125,62.130001068115234,60.810001373291016,61.349998474121094,1643300,0.0,0.0
2024-06-28 00:00:00-04:00,61.540000915527344,61.540000915527344,60.06999969482422,60.619998931884766,10984700,0.0,0.0
2024-07-01 00:00:00-04:00,60.5,61.9900016784668,60.369998931884766,60.869998931884766,2247300,0.0,0.0
2024-07-02 00:00:00-04:00,59.20000076293945,60.47999954223633,58.630001068115234,59.02000045776367,3180700,0.0,0.0
2024-07-03 00:00:00-04:00,59.119998931884766,59.220001220703125,57.58000183105469,57.65999984741211,1472500,0.0,0.0
2024-07-05 00:00:00-04:00,57.47999954223633,57.58000183105469,56.75,57.33000183105469,2092500,0.0,0.0
2024-07-08 00:00:00-04:00,57.36000061035156,58.619998931884766,57.16999816894531,58.16999816894531,2669700,0.0,0.0
2024-07-09 00:00:00-04:00,58.33000183105469,60.90999984741211,58.099998474121094,60.70000076293945,2408300,0.0,0.0
2024-07-10 00:00:00-04:00,60.959999084472656,61.0,59.7400016784668,60.72999954223633,2525000,0.0,0.0
2024-07-11 00:00:00-04:00,60.84000015258789,62.630001068115234,60.75,62.290000915527344,2268700,0.0,0.0
2024-07-12 00:00:00-04:00,63.0,63.93000030517578,62.61000061035156,63.65999984741211,1934900,0.0,0.0
2024-07-15 00:00:00-04:00,63.4900016784668,64.58999633789062,63.2599983215332,64.25,1577600,0.0,0.0
2024-07-16 00:00:00-04:00,64.19000244140625,64.5,63.47999954223633,64.0,1448800,0.0,0.0
2024-07-17 00:00:00-04:00,63.959999084472656,65.33999633789062,63.5,65.30000305175781,1810900,0.0,0.0
2024-07-18 00:00:00-04:00,65.30000305175781,66.77999877929688,64.61000061035156,65.37000274658203,2081300,0.0,0.0
2024-07-19 00:00:00-04:00,65.54000091552734,66.0999984741211,64.9800033569336,65.87000274658203,1559100,0.0,0.0
2024-07-22 00:00:00-04:00,66.08999633789062,66.16000366210938,64.30000305175781,65.19000244140625,1239600,0.0,0.0
2024-07-23 00:00:00-04:00,65.08000183105469,66.12000274658203,64.54000091552734,65.80000305175781,1108100,0.0,0.0
2024-07-24 00:00:00-04:00,66.01000213623047,66.9800033569336,65.62000274658203,66.91000366210938,2956700,0.0,0.0
2024-07-25 00:00:00-04:00,67.0,70.36000061035156,66.98999786376953,68.56999969482422,2786200,0.0,0.0
2024-07-26 00:00:00-04:00,68.56999969482422,69.8499984741211,68.23999786376953,68.61000061035156,2186000,0.0,0.0
2024-07-29 00:00:00-04:00,68.51000213623047,69.13999938964844,68.0199966430664,68.58999633789062,2779800,0.0,0.0
2024-07-30 00:00:00-04:00,69.33000183105469,69.33000183105469,64.73999786376953,67.79000091552734,4635400,0.0,0.0
2024-07-31 00:00:00-04:00,67.83000183105469,68.9800033569336,64.80999755859375,65.06999969482422,2837800,0.0,0.0
2024-08-01 00:00:00-04:00,65.19999694824219,65.68000030517578,64.08000183105469,64.41999816894531,2063500,0.0,0.0
2024-08-02 00:00:00-04:00,64.2699966430664,65.1500015258789,62.970001220703125,64.47000122070312,1942000,0.0,0.0
2024-08-05 00:00:00-04:00,63.349998474121094,64.16999816894531,61.95000076293945,62.0,2359800,0.0,0.0
2024-08-06 00:00:00-04:00,61.810001373291016,62.41999816894531,60.9900016784668,61.27000045776367,2405900,0.0,0.0
2024-08-07 00:00:00-04:00,61.54999923706055,62.59000015258789,60.20000076293945,60.290000915527344,2015500,0.0,0.0
2024-08-08 00:00:00-04:00,60.29999923706055,62.029998779296875,60.20000076293945,61.779998779296875,2474100,0.0,0.0
2024-08-09 00:00:00-04:00,61.38999938964844,62.22999954223633,60.83000183105469,61.08000183105469,1301700,0.0,0.0
2024-08-12 00:00:00-04:00,60.959999084472656,61.709999084472656,60.2599983215332,61.119998931884766,1422900,0.0,0.0
2024-08-13 00:00:00-04:00,61.15999984741211,62.2400016784668,60.95000076293945,62.02000045776367,2608800,0.0,0.0
2024-08-14 00:00:00-04:00,61.79999923706055,61.9900016784668,60.9900016784668,61.18000030517578,1504200,0.0,0.0
2024-08-15 00:00:00-04:00,61.790000915527344,62.220001220703125,61.31999969482422,61.68000030517578,1312600,0.0,0.0
2024-08-16 00:00:00-04:00,61.880001068115234,62.470001220703125,61.380001068115234,62.15999984741211,1393200,0.0,0.0
2024-08-19 00:00:00-04:00,62.22999954223633,63.29999923706055,62.060001373291016,63.2599983215332,1407700,0.0,0.0
2024-08-20 00:00:00-04:00,63.09000015258789,64.77999877929688,63.040000915527344,64.37999725341797,2010000,0.0,0.0
2024-08-21 00:00:00-04:00,64.41999816894531,64.9000015258789,64.04000091552734,64.1500015258789,1765200,0.0,0.0
2024-08-22 00:00:00-04:00,64.36000061035156,64.36000061035156,62.689998626708984,63.02000045776367,1929900,0.0,0.0
2024-08-23 00:00:00-04:00,63.52000045776367,64.45999908447266,63.04999923706055,64.13999938964844,1566800,0.0,0.0
2024-08-26 00:00:00-04:00,64.26000213623047,65.4000015258789,63.939998626708984,65.16000366210938,1981500,0.0,0.0
2024-08-27 00:00:00-04:00,65.31999969482422,65.69999694824219,64.9000015258789,65.62999725341797,1493200,0.0,0.0
2024-08-28 00:00:00-04:00,65.5199966430664,65.91000366210938,65.31999969482422,65.63999938964844,1321500,0.0,0.0
2024-08-29 00:00:00-04:00,65.80000305175781,67.4800033569336,65.0999984741211,65.91000366210938,1490600,0.0,0.0
2024-08-30 00:00:00-04:00,65.91000366210938,66.33000183105469,64.98999786376953,65.66000366210938,2548300,0.0,0.0
2024-09-03 00:00:00-04:00,65.76000213623047,67.08999633789062,65.26000213623047,66.30999755859375,1969900,0.0,0.0
2024-09-04 00:00:00-04:00,66.41999816894531,66.75,64.12999725341797,64.33000183105469,2071000,0.0,0.0
2024-09-05 00:00:00-04:00,64.31999969482422,64.8499984741211,61.150001525878906,62.959999084472656,2303900,0.0,0.0
2024-09-06 00:00:00-04:00,63.20000076293945,63.7599983215332,61.189998626708984,61.2599983215332,1785900,0.0,0.0
2024-09-09 00:00:00-04:00,61.47999954223633,62.83000183105469,61.189998626708984,62.2599983215332,1792900,0.0,0.0
2024-09-10 00:00:00-04:00,62.189998626708984,63.34000015258789,61.45000076293945,63.130001068115234,1720200,0.0,0.0
2024-09-11 00:00:00-04:00,63.040000915527344,63.15999984741211,61.66999816894531,63.130001068115234,1574200,0.0,0.0
2024-09-12 00:00:00-04:00,62.939998626708984,63.459999084472656,61.630001068115234,63.36000061035156,1417600,0.0,0.0
2024-09-13 00:00:00-04:00,63.369998931884766,64.16999816894531,63.06999969482422,63.560001373291016,2021400,0.0,0.0
2024-09-16 00:00:00-04:00,63.939998626708984,66.4800033569336,63.900001525878906,66.41000366210938,1859600,0.0,0.0
2024-09-17 00:00:00-04:00,66.41999816894531,67.73999786376953,66.19000244140625,66.43000030517578,1658200,0.0,0.0
2024-09-18 00:00:00-04:00,65.25,66.08000183105469,64.37999725341797,65.16999816894531,2858100,0.0,0.0
2024-09-19 00:00:00-04:00,66.22000122070312,66.94999694824219,65.2699966430664,66.81999969482422,2077700,0.0,0.0
2024-09-20 00:00:00-04:00,66.19999694824219,66.19999694824219,64.98999786376953,65.73999786376953,7670500,0.0,0.0
2024-09-23 00:00:00-04:00,65.97000122070312,65.97000122070312,64.06999969482422,64.12000274658203,2033000,0.0,0.0
2024-09-24 00:00:00-04:00,64.1500015258789,64.19999694824219,62.959999084472656,63.70000076293945,2036200,0.0,0.0
2024-09-25 00:00:00-04:00,64.12000274658203,64.58999633789062,62.56999969482422,63.220001220703125,1580000,0.0,0.0
2024-09-26 00:00:00-04:00,63.099998474121094,65.20999908447266,62.86000061035156,65.12999725341797,1987400,0.0,0.0
2024-09-27 00:00:00-04:00,65.63999938964844,66.79000091552734,65.62999725341797,65.83000183105469,1590300,0.0,0.0
2024-09-30 00:00:00-04:00,65.4000015258789,66.95999908447266,65.2699966430664,66.0999984741211,1622200,0.0,0.0
2024-10-01 00:00:00-04:00,66.68000030517578,68.16999816894531,65.98999786376953,68.05999755859375,2737000,0.0,0.0
2024-10-02 00:00:00-04:00,67.68000030517578,67.81999969482422,66.26000213623047,67.62999725341797,1348900,0.0,0.0
2024-10-03 00:00:00-04:00,67.27999877929688,67.9800033569336,66.83000183105469,67.04000091552734,1426500,0.0,0.0
2024-10-04 00:00:00-04:00,67.37000274658203,67.55999755859375,66.44999694824219,67.48999786376953,1236700,0.0,0.0
2024-10-07 00:00:00-04:00,67.36000061035156,67.47000122070312,65.69999694824219,65.76000213623047,1529400,0.0,0.0
2024-10-08 00:00:00-04:00,65.58000183105469,66.30999755859375,65.45999908447266,65.73999786376953,1010300,0.0,0.0
2024-10-09 00:00:00-04:00,65.62999725341797,66.5199966430664,65.23999786376953,65.76000213623047,1017800,0.0,0.0
2024-10-10 00:00:00-04:00,65.30000305175781,65.5,64.58999633789062,65.37000274658203,1101100,0.0,0.0
2024-10-11 00:00:00-04:00,65.48999786376953,66.25,65.37999725341797,66.12000274658203,1592800,0.0,0.0
2024-10-14 00:00:00-04:00,65.79000091552734,65.79000091552734,64.93000030517578,65.44000244140625,748200,0.0,0.0
2024-10-15 00:00:00-04:00,65.88999938964844,67.05999755859375,65.68000030517578,66.29000091552734,1178600,0.0,0.0
2024-10-16 00:00:00-04:00,66.37999725341797,66.61000061035156,65.93000030517578,66.16999816894531,857200,0.0,0.0
2024-10-17 00:00:00-04:00,65.98999786376953,66.48999786376953,65.44000244140625,66.43000030517578,1355900,0.0,0.0
2024-10-18 00:00:00-04:00,66.41000366210938,66.94999694824219,65.9000015258789,66.38999938964844,742400,0.0,0.0
2024-10-21 00:00:00-04:00,66.33000183105469,66.55000305175781,64.87000274658203,65.2699966430664,841000,0.0,0.0
2024-10-22 00:00:00-04:00,65.02999877929688,65.77999877929688,64.5999984741211,65.58999633789062,735400,0.0,0.0
2024-10-23 00:00:00-04:00,65.48999786376953,66.0999984741211,64.76000213623047,65.16999816894531,1251900,0.0,0.0
2024-10-24 00:00:00-04:00,65.23999786376953,65.91000366210938,65.08000183105469,65.23999786376953,1208600,0.0,0.0
2024-10-25 00:00:00-04:00,65.31999969482422,65.73999786376953,64.98999786376953,65.06999969482422,1086400,0.0,0.0
2024-10-28 00:00:00-04:00,65.48999786376953,65.87999725341797,64.86000061035156,65.69000244140625,2067300,0.0,0.0
2024-10-29 00:00:00-04:00,67.52999877929688,74.06999969482422,66.94999694824219,73.5999984741211,4572000,0.0,0.0
2024-10-30 00:00:00-04:00,73.5999984741211,74.5999984741211,72.5,73.93000030517578,2459000,0.0,0.0
2024-10-31 00:00:00-04:00,73.91000366210938,74.68000030517578,73.27999877929688,74.12000274658203,2024300,0.0,0.0
2024-11-01 00:00:00-04:00,74.12000274658203,76.33000183105469,73.91000366210938,76.12999725341797,2261700,0.0,0.0
2024-11-04 00:00:00-05:00,75.06999969482422,76.56999969482422,75.06999969482422,75.75,1463500,0.0,0.0
2024-11-05 00:00:00-05:00,75.7699966430664,77.37000274658203,75.33999633789062,77.27999877929688,1251600,0.0,0.0
2024-11-06 00:00:00-05:00,78.44999694824219,82.19000244140625,78.20999908447266,80.94999694824219,5292100,0.0,0.0
2024-11-07 00:00:00-05:00,81.0,82.97000122070312,79.52999877929688,82.33999633789062,2636600,0.0,0.0
2024-11-08 00:00:00-05:00,82.58999633789062,83.94999694824219,82.1500015258789,83.37999725341797,3235700,0.0,0.0
2024-11-11 00:00:00-05:00,83.54000091552734,83.54000091552734,81.16000366210938,81.52999877929688,1881000,0.0,0.0
2024-11-12 00:00:00-05:00,81.55000305175781,82.0199966430664,80.19999694824219,80.58000183105469,1843100,0.0,0.0
2024-11-13 00:00:00-05:00,80.80000305175781,81.69999694824219,80.37000274658203,80.4800033569336,1573200,0.0,0.0
2024-11-14 00:00:00-05:00,80.16000366210938,80.45999908447266,77.58000183105469,77.7300033569336,1875800,0.0,0.0
2024-11-15 00:00:00-05:00,77.1500015258789,77.87000274658203,73.25,75.87000274658203,3842700,0.0,0.0
2024-11-18 00:00:00-05:00,75.88999938964844,77.01000213623047,75.41999816894531,76.97000122070312,1839700,0.0,0.0
2024-11-19 00:00:00-05:00,67.11000061035156,74.0999984741211,65.0199966430664,70.55999755859375,10883800,0.0,0.0
2024-11-20 00:00:00-05:00,70.66000366210938,71.68000030517578,70.25,71.05000305175781,2312400,0.0,0.0
2024-11-21 00:00:00-05:00,71.33000183105469,71.4000015258789,69.30000305175781,70.38999938964844,2145200,0.0,0.0
2024-11-22 00:00:00-05:00,70.43000030517578,72.0,70.33000183105469,71.72000122070312,1521900,0.0,0.0
2024-11-25 00:00:00-05:00,72.33999633789062,73.87000274658203,72.25,73.5199966430664,3350900,0.0,0.0
2024-11-26 00:00:00-05:00,74.13999938964844,74.94999694824219,73.0999984741211,74.80000305175781,1475600,0.0,0.0
2024-11-27 00:00:00-05:00,75.0,76.13999938964844,74.75,75.44999694824219,1150800,0.0,0.0
2024-11-29 00:00:00-05:00,75.70999908447266,76.08000183105469,74.22000122070312,74.58999633789062,797600,0.0,0.0
2024-12-02 00:00:00-05:00,74.27999877929688,74.69999694824219,72.63999938964844,73.23999786376953,1737300,0.0,0.0
2024-12-03 00:00:00-05:00,72.7300033569336,72.95999908447266,71.72000122070312,72.02999877929688,1667700,0.0,0.0
2024-12-04 00:00:00-05:00,73.4000015258789,75.31999969482422,73.33999633789062,74.62000274658203,2615100,0.0,0.0
2024-12-05 00:00:00-05:00,73.0199966430664,75.37000274658203,72.87000274658203,74.91999816894531,1760600,0.0,0.0
2024-12-06 00:00:00-05:00,75.2699966430664,76.45999908447266,75.0199966430664,75.91999816894531,1322400,0.0,0.0
2024-12-09 00:00:00-05:00,75.94000244140625,75.9800033569336,71.80000305175781,72.11000061035156,1758100,0.0,0.0
2024-12-10 00:00:00-05:00,72.11000061035156,73.0999984741211,71.3499984741211,72.4800033569336,2406800,0.0,0.0
2024-12-11 00:00:00-05:00,72.6500015258789,73.5,72.0999984741211,72.48999786376953,1425600,0.0,0.0
2024-12-12 00:00:00-05:00,70.5,72.11000061035156,70.4800033569336,70.83000183105469,1387900,0.0,0.0
2024-12-13 00:00:00-05:00,70.63999938964844,70.79000091552734,68.5199966430664,68.55000305175781,1769100,0.0,0.0
2024-12-16 00:00:00-05:00,69.30999755859375,70.87999725341797,68.62000274658203,69.80000305175781,2836000,0.0,0.0
2024-12-17 00:00:00-05:00,68.77999877929688,69.73999786376953,68.51000213623047,69.4000015258789,1971500,0.0,0.0
2024-12-18 00:00:00-05:00,69.18000030517578,69.62999725341797,67.55000305175781,67.55000305175781,1897800,0.0,0.0
2024-12-19 00:00:00-05:00,68.63999938964844,68.63999938964844,66.33000183105469,67.05999755859375,2026700,0.0,0.0
2024-12-20 00:00:00-05:00,66.88999938964844,69.11000061035156,66.88999938964844,68.83999633789062,6805500,0.0,0.0
2024-12-23 00:00:00-05:00,68.58000183105469,70.19000244140625,68.1500015258789,69.83999633789062,1611100,0.0,0.0
2024-12-24 00:00:00-05:00,69.87999725341797,70.0999984741211,68.91999816894531,69.91000366210938,395900,0.0,0.0
2024-12-26 00:00:00-05:00,69.5199966430664,70.11000061035156,69.25,69.55999755859375,764500,0.0,0.0
2024-12-27 00:00:00-05:00,68.70999908447266,69.9000015258789,68.19000244140625,69.2300033569336,966400,0.0,0.0
2024-12-30 00:00:00-05:00,68.55999755859375,68.87000274658203,67.69999694824219,68.41999816894531,825900,0.0,0.0
2024-12-31 00:00:00-05:00,68.54000091552734,69.19999694824219,68.19000244140625,69.06999969482422,1010100,0.0,0.0
2025-01-02 00:00:00-05:00,69.66999816894531,70.2699966430664,68.91999816894531,69.52999877929688,1061800,0.0,0.0
2025-01-03 00:00:00-05:00,69.76000213623047,70.44000244140625,69.3499984741211,69.62999725341797,1542700,0.0,0.0
2025-01-06 00:00:00-05:00,69.44999694824219,72.79000091552734,69.44999694824219,71.91000366210938,1931700,0.0,0.0
2025-01-07 00:00:00-05:00,73.05999755859375,75.04000091552734,72.45999908447266,73.19000244140625,1852800,0.0,0.0
2025-01-08 00:00:00-05:00,73.19000244140625,74.01000213623047,72.8499984741211,73.12999725341797,1571200,0.0,0.0
2025-01-10 00:00:00-05:00,72.20999908447266,72.5999984741211,69.52999877929688,70.54000091552734,2046000,0.0,0.0
2025-01-13 00:00:00-05:00,70.54000091552734,72.94000244140625,69.6500015258789,72.37000274658203,1602100,0.0,0.0
2025-01-14 00:00:00-05:00,72.33999633789062,72.93000030517578,71.22000122070312,71.93000030517578,1595800,0.0,0.0
2025-01-15 00:00:00-05:00,72.95999908447266,73.83000183105469,72.20999908447266,72.45999908447266,1101900,0.0,0.0
2025-01-16 00:00:00-05:00,72.51000213623047,72.9800033569336,71.72000122070312,72.47000122070312,1100000,0.0,0.0
2025-01-17 00:00:00-05:00,72.87000274658203,73.0,71.8499984741211,71.93000030517578,1013300,0.0,0.0
2025-01-21 00:00:00-05:00,72.20999908447266,73.9800033569336,71.8499984741211,73.47000122070312,1867900,0.0,0.0
2025-01-22 00:00:00-05:00,73.47000122070312,73.55000305175781,71.97000122070312,72.41000366210938,1165500,0.0,0.0
2025-01-23 00:00:00-05:00,72.31999969482422,72.87999725341797,71.05000305175781,72.52999877929688,1042500,0.0,0.0
2025-01-24 00:00:00-05:00,72.30000305175781,73.68000030517578,72.29000091552734,72.58999633789062,1274800,0.0,0.0
2025-01-27 00:00:00-05:00,72.29000091552734,73.43000030517578,71.36000061035156,72.63999938964844,1070700,0.0,0.0
2025-01-28 00:00:00-05:00,72.69000244140625,73.98999786376953,71.8499984741211,73.1500015258789,995200,0.0,0.0
2025-01-29 00:00:00-05:00,73.22000122070312,74.11000061035156,72.66999816894531,73.72000122070312,1246600,0.0,0.0
2025-01-30 00:00:00-05:00,74.16000366210938,74.55999755859375,73.29000091552734,73.7699966430664,1307800,0.0,0.0
2025-01-31 00:00:00-05:00,73.76000213623047,75.18000030517578,73.0999984741211,74.16000366210938,1294600,0.0,0.0
2025-02-03 00:00:00-05:00,73.55999755859375,75.0,72.5999984741211,73.73999786376953,1315800,0.0,0.0
2025-02-04 00:00:00-05:00,73.51000213623047,74.91999816894531,73.19000244140625,74.12000274658203,1269800,0.0,0.0
2025-02-05 00:00:00-05:00,74.77999877929688,75.73999786376953,74.19000244140625,75.26000213623047,1461700,0.0,0.0
2025-02-06 00:00:00-05:00,75.0199966430664,75.48999786376953,74.13999938964844,74.94999694824219,1340400,0.0,0.0
2025-02-07 00:00:00-05:00,75.37000274658203,76.95999908447266,73.79000091552734,74.12999725341797,2484600,0.0,0.0
2025-02-10 00:00:00-05:00,73.01000213623047,73.41999816894531,67.55999755859375,68.30000305175781,3787100,0.0,0.0
2025-02-11 00:00:00-05:00,67.5199966430664,68.69000244140625,66.26000213623047,66.33000183105469,2845900,0.0,0.0
2025-02-12 00:00:00-05:00,66.30000305175781,69.0999984741211,65.55999755859375,69.05000305175781,2075600,0.0,0.0
2025-02-13 00:00:00-05:00,69.29000091552734,72.69000244140625,68.02999877929688,70.01000213623047,3248200,0.0,0.0
2025-02-14 00:00:00-05:00,70.6500015258789,71.80000305175781,69.7300033569336,70.41999816894531,1882100,0.0,0.0
2025-02-18 00:00:00-05:00,70.70999908447266,71.68000030517578,70.5,71.2699966430664,1463100,0.0,0.0
2025-02-19 00:00:00-05:00,70.93000030517578,71.43000030517578,69.75,70.16000366210938,1810900,0.0,0.0
2025-02-20 00:00:00-05:00,70.26000213623047,71.5199966430664,69.88999938964844,71.37999725341797,1017900,0.0,0.0
2025-02-21 00:00:00-05:00,71.66000366210938,72.97000122070312,71.5,72.11000061035156,1514700,0.0,0.0
2025-02-24 00:00:00-05:00,72.19000244140625,74.36000061035156,71.76000213623047,74.01000213623047,1582000,0.0,0.0
2025-02-25 00:00:00-05:00,74.36000061035156,76.23999786376953,73.76000213623047,74.4000015258789,2066800,0.0,0.0
2025-02-26 00:00:00-05:00,74.06999969482422,75.30999755859375,73.23999786376953,74.30000305175781,1164400,0.0,0.0
2025-02-27 00:00:00-05:00,73.91999816894531,74.5999984741211,72.88999938964844,73.18000030517578,1220100,0.0,0.0
2025-02-28 00:00:00-05:00,73.55999755859375,73.62999725341797,72.41000366210938,73.5,1489100,0.0,0.0
2025-03-03 00:00:00-05:00,73.44999694824219,73.44999694824219,69.62999725341797,70.26000213623047,2450600,0.0,0.0
2025-03-04 00:00:00-05:00,69.98999786376953,70.0,68.16999816894531,69.68000030517578,2754700,0.0,0.0
2025-03-05 00:00:00-05:00,69.08000183105469,69.97000122070312,68.73999786376953,69.80999755859375,1305500,0.0,0.0
2025-03-06 00:00:00-05:00,68.87999725341797,70.9800033569336,68.87999725341797,70.08999633789062,1133000,0.0,0.0
2025-03-07 00:00:00-05:00,70.1500015258789,72.80999755859375,69.37000274658203,70.79000091552734,1629800,0.0,0.0
2025-03-10 00:00:00-04:00,69.94000244140625,71.88999938964844,69.76000213623047,71.12999725341797,1239500,0.0,0.0
2025-03-11 00:00:00-04:00,70.9800033569336,71.6500015258789,67.30000305175781,68.06999969482422,1626100,0.0,0.0
2025-03-12 00:00:00-04:00,67.8499984741211,68.2300033569336,66.37000274658203,67.7300033569336,1521400,0.0,0.0
2025-03-13 00:00:00-04:00,67.91000366210938,68.97000122070312,67.44000244140625,67.70999908447266,1171000,0.0,0.0
2025-03-14 00:00:00-04:00,67.87999725341797,68.12000274658203,67.2300033569336,67.86000061035156,1290100,0.0,0.0
2025-03-17 00:00:00-04:00,60.0,63.45000076293945,58.95000076293945,62.0099983215332,5176400,0.0,0.0
2025-03-18 00:00:00-04:00,61.029998779296875,61.029998779296875,58.459999084472656,60.0,3401800,0.0,0.0
2025-03-19 00:00:00-04:00,60.369998931884766,61.150001525878906,59.91999816894531,60.34000015258789,2323200,0.0,0.0
2025-03-20 00:00:00-04:00,60.2599983215332,61.75,60.209999084472656,60.58000183105469,2321100,0.0,0.0
2025-03-21 00:00:00-04:00,60.439998626708984,62.33000183105469,60.25,61.91999816894531,4332400,0.0,0.0
2025-03-24 00:00:00-04:00,62.130001068115234,63.310001373291016,61.970001220703125,62.779998779296875,2627300,0.0,0.0
2025-03-25 00:00:00-04:00,63.0099983215332,63.27000045776367,61.029998779296875,62.08000183105469,2603500,0.0,0.0
2025-03-26 00:00:00-04:00,62.06999969482422,62.880001068115234,60.810001373291016,61.2599983215332,1632100,0.0,0.0
2025-03-27 00:00:00-04:00,61.54999923706055,61.63999938964844,60.2400016784668,60.68000030517578,1371000,0.0,0.0
2025-03-28 00:00:00-04:00,60.720001220703125,60.970001220703125,60.349998474121094,60.599998474121094,1198600,0.0,0.0
2025-03-31 00:00:00-04:00,60.150001525878906,60.810001373291016,59.099998474121094,60.54999923706055,1703300,0.0,0.0
2025-04-01 00:00:00-04:00,60.529998779296875,62.0,60.279998779296875,60.90999984741211,2575600,0.0,0.0
2025-04-02 00:00:00-04:00,60.900001525878906,62.529998779296875,60.27000045776367,62.33000183105469,2147800,0.0,0.0
2025-04-03 00:00:00-04:00,62.060001373291016,62.88999938964844,61.45000076293945,62.459999084472656,1804100,0.0,0.0
2025-04-04 00:00:00-04:00,62.650001525878906,63.56999969482422,60.40999984741211,60.58000183105469,3670900,0.0,0.0
2025-04-07 00:00:00-04:00,60.4900016784668,61.060001373291016,57.689998626708984,60.290000915527344,2435600,0.0,0.0
2025-04-08 00:00:00-04:00,60.84000015258789,61.470001220703125,56.060001373291016,56.970001220703125,2845100,0.0,0.0
2025-04-09 00:00:00-04:00,55.810001373291016,59.369998931884766,53.560001373291016,58.86000061035156,4024300,0.0,0.0
2025-04-10 00:00:00-04:00,57.959999084472656,58.33000183105469,53.790000915527344,55.16999816894531,2678600,0.0,0.0
2025-04-11 00:00:00-04:00,55.599998474121094,57.06999969482422,55.11000061035156,56.869998931884766,2073600,0.0,0.0
2025-04-14 00:00:00-04:00,57.290000915527344,59.29999923706055,57.119998931884766,59.220001220703125,2089200,0.0,0.0
2025-04-15 00:00:00-04:00,59.16999816894531,59.95000076293945,58.220001220703125,58.459999084472656,1479700,0.0,0.0
2025-04-16 00:00:00-04:00,58.40999984741211,58.779998779296875,57.04999923706055,57.72999954223633,1465000,0.0,0.0
2025-04-17 00:00:00-04:00,58.0099983215332,58.689998626708984,57.08000183105469,58.209999084472656,1172200,0.0,0.0
2025-04-21 00:00:00-04:00,57.47999954223633,58.22999954223633,56.130001068115234,56.79999923706055,2158300,0.0,0.0
2025-04-22 00:00:00-04:00,57.47999954223633,58.040000915527344,56.77000045776367,57.380001068115234,1645900,0.0,0.0
2025-04-23 00:00:00-04:00,58.22999954223633,59.0099983215332,57.650001525878906,58.0,1762400,0.0,0.0
2025-04-24 00:00:00-04:00,57.90999984741211,59.04999923706055,57.290000915527344,58.970001220703125,1129800,0.0,0.0
2025-04-25 00:00:00-04:00,58.79999923706055,59.209999084472656,57.9900016784668,59.15999984741211,1237400,0.0,0.0
2025-04-28 00:00:00-04:00,59.20000076293945,59.599998474121094,58.439998626708984,59.52000045776367,2184500,0.0,0.0
2025-04-29 00:00:00-04:00,59.38999938964844,60.720001220703125,58.040000915527344,60.43000030517578,2931800,0.0,0.0
2025-04-30 00:00:00-04:00,60.95000076293945,62.869998931884766,59.7599983215332,62.65999984741211,2822300,0.0,0.0
2025-05-01 00:00:00-04:00,62.02000045776367,62.63999938964844,60.619998931884766,62.029998779296875,2466500,0.0,0.0
2025-05-02 00:00:00-04:00,62.849998474121094,62.869998931884766,61.369998931884766,62.529998779296875,1525200,0.0,0.0
2025-05-05 00:00:00-04:00,62.40999984741211,62.79999923706055,61.84000015258789,62.11000061035156,1819500,0.0,0.0
2025-05-06 00:00:00-04:00,61.90999984741211,62.5099983215332,59.380001068115234,59.61000061035156,2329400,0.0,0.0
2025-05-07 00:00:00-04:00,59.95000076293945,60.06999969482422,59.06999969482422,59.54999923706055,1865500,0.0,0.0
2025-05-08 00:00:00-04:00,58.79999923706055,59.9900016784668,57.77000045776367,59.72999954223633,2169700,0.0,0.0
2025-05-09 00:00:00-04:00,59.97999954223633,60.47999954223633,58.939998626708984,58.97999954223633,1252500,0.0,0.0
2025-05-12 00:00:00-04:00,60.029998779296875,61.40999984741211,59.290000915527344,60.849998474121094,2072000,0.0,0.0
2025-05-13 00:00:00-04:00,60.43000030517578,61.150001525878906,59.529998779296875,60.810001373291016,1549000,0.0,0.0
2025-05-14 00:00:00-04:00,60.58000183105469,62.5,59.150001525878906,61.15999984741211,2143900,0.0,0.0
2025-05-15 00:00:00-04:00,61.650001525878906,62.9900016784668,61.11000061035156,62.7599983215332,1643000,0.0,0.0
2025-05-16 00:00:00-04:00,63.18000030517578,63.47999954223633,62.72999954223633,63.310001373291016,1330100,0.0,0.0
2025-05-19 00:00:00-04:00,63.16999816894531,64.30000305175781,62.84000015258789,63.810001373291016,1214300,0.0,0.0
2025-05-20 00:00:00-04:00,63.650001525878906,66.11000061035156,63.61000061035156,65.30000305175781,2059100,0.0,0.0
2025-05-21 00:00:00-04:00,64.73999786376953,65.45999908447266,64.43000030517578,64.77999877929688,1965600,0.0,0.0
2025-05-22 00:00:00-04:00,64.7300033569336,65.33000183105469,64.05000305175781,64.51000213623047,1557200,0.0,0.0
2025-05-23 00:00:00-04:00,63.900001525878906,64.56999969482422,63.5099983215332,64.25,873900,0.0,0.0
2025-05-27 00:00:00-04:00,64.94999694824219,65.80000305175781,64.69000244140625,65.3499984741211,1267000,0.0,0.0
2025-05-28 00:00:00-04:00,65.18000030517578,65.61000061035156,64.8499984741211,64.93000030517578,1339500,0.0,0.0
2025-05-29 00:00:00-04:00,64.91999816894531,66.26000213623047,64.62999725341797,66.04000091552734,1614300,0.0,0.0
2025-05-30 00:00:00-04:00,65.70999908447266,65.7699966430664,63.93000030517578,65.05999755859375,3737600,0.0,0.0
2025-06-02 00:00:00-04:00,64.87999725341797,65.97000122070312,63.93000030517578,65.30999755859375,1883000,0.0,0.0
2025-06-03 00:00:00-04:00,65.12000274658203,70.97000122070312,64.72000122070312,67.11000061035156,5339100,0.0,0.0
2025-06-04 00:00:00-04:00,67.05999755859375,68.44999694824219,66.30000305175781,67.41999816894531,1577500,0.0,0.0
2025-06-05 00:00:00-04:00,67.5,67.87000274658203,66.83999633789062,67.23999786376953,1712800,0.0,0.0
2025-06-06 00:00:00-04:00,67.77999877929688,68.9800033569336,67.62000274658203,68.7699966430664,1719800,0.0,0.0
2025-06-09 00:00:00-04:00,68.88999938964844,69.95999908447266,68.11000061035156,69.88999938964844,2088700,0.0,0.0
2025-06-10 00:00:00-04:00,69.83000183105469,70.9800033569336,69.6500015258789,70.06999969482422,2109400,0.0,0.0
2025-06-11 00:00:00-04:00,70.12000274658203,70.36000061035156,68.79000091552734,68.8499984741211,2203500,0.0,0.0
2025-06-12 00:00:00-04:00,68.94999694824219,69.54000091552734,68.0999984741211,69.22000122070312,1217900,0.0,0.0
2025-06-13 00:00:00-04:00,68.06999969482422,68.95999908447266,67.56999969482422,67.75,1835000,0.0,0.0
2025-06-16 00:00:00-04:00,70.80000305175781,71.29000091552734,69.0,71.22000122070312,3239100,0.0,0.0
2025-06-17 00:00:00-04:00,70.62000274658203,70.88999938964844,68.58999633789062,68.80999755859375,2018900,0.0,0.0
2025-06-18 00:00:00-04:00,68.97000122070312,69.47000122070312,68.01000213623047,68.2699966430664,1740700,0.0,0.0
2025-06-20 00:00:00-04:00,68.47000122070312,69.19000244140625,67.86000061035156,68.45999908447266,2340000,0.0,0.0
2025-06-23 00:00:00-04:00,68.0999984741211,68.77999877929688,66.73999786376953,67.26000213623047,1349000,0.0,0.0
2025-06-24 00:00:00-04:00,68.05000305175781,69.54000091552734,67.33000183105469,69.01000213623047,1700500,0.0,0.0
2025-06-25 00:00:00-04:00,69.0199966430664,69.13999938964844,67.37999725341797,67.55000305175781,995700,0.0,0.0
2025-06-26 00:00:00-04:00,70.70999908447266,71.5,69.83999633789062,70.80999755859375,3025200,0.0,0.0
2025-06-27 00:00:00-04:00,70.97000122070312,71.12000274658203,67.81999969482422,68.37000274658203,3495200,0.0,0.0
2025-06-30 00:00:00-04:00,68.25,68.81999969482422,67.66999816894531,68.0999984741211,1481800,0.0,0.0
2025-07-01 00:00:00-04:00,67.1500015258789,70.37000274658203,66.83000183105469,68.7300033569336,1502000,0.0,0.0
2025-07-02 00:00:00-04:00,68.61000061035156,69.0999984741211,68.0,68.16999816894531,2374600,0.0,0.0
2025-07-03 00:00:00-04:00,68.08000183105469,68.95999908447266,67.87999725341797,68.44999694824219,1272600,0.0,0.0
2025-07-07 00:00:00-04:00,68.23999786376953,68.25,66.8499984741211,67.2699966430664,1689000,0.0,0.0
2025-07-08 00:00:00-04:00,67.26000213623047,68.6500015258789,67.05999755859375,67.66999816894531,1400000,0.0,0.0
2025-07-09 00:00:00-04:00,68.05999755859375,69.30000305175781,67.94000244140625,68.72000122070312,1927200,0.0,0.0
2025-07-10 00:00:00-04:00,69.06999969482422,70.62000274658203,68.45999908447266,70.33999633789062,1390200,0.0,0.0
2025-07-11 00:00:00-04:00,69.66000366210938,69.97000122070312,68.36000061035156,68.58999633789062,1094800,0.0,0.0
2025-07-14 00:00:00-04:00,68.7699966430664,70.04000091552734,67.97000122070312,69.9800033569336,1531100,0.0,0.0
2025-07-15 00:00:00-04:00,70.0,70.1500015258789,68.20999908447266,68.25,1516200,0.0,0.0
2025-07-16 00:00:00-04:00,68.36000061035156,69.41999816894531,68.1500015258789,69.2300033569336,1026600,0.0,0.0
2025-07-17 00:00:00-04:00,69.12000274658203,69.6500015258789,68.83999633789062,68.94000244140625,774100,0.0,0.0
2025-07-18 00:00:00-04:00,69.25,69.43000030517578,67.80000305175781,67.86000061035156,1556800,0.0,0.0
2025-07-21 00:00:00-04:00,67.94000244140625,68.62999725341797,67.16999816894531,67.37999725341797,1331300,0.0,0.0
2025-07-22 00:00:00-04:00,67.58000183105469,69.12000274658203,67.19999694824219,68.9000015258789,1324400,0.0,0.0
2025-07-23 00:00:00-04:00,69.33999633789062,70.83000183105469,69.23999786376953,70.69000244140625,1276000,0.0,0.0
2025-07-24 00:00:00-04:00,70.80999755859375,71.29000091552734,70.33000183105469,70.48999786376953,1680100,0.0,0.0
2025-07-25 00:00:00-04:00,70.81999969482422,70.81999969482422,70.05999755859375,70.19999694824219,1434800,0.0,0.0
2025-07-28 00:00:00-04:00,70.3499984741211,70.93000030517578,69.69000244140625,70.16000366210938,1926800,0.0,0.0
2025-07-29 00:00:00-04:00,72.0,77.87000274658203,71.0,77.37999725341797,3976500,0.0,0.0
2025-07-30 00:00:00-04:00,77.83999633789062,78.7699966430664,76.87000274658203,77.55000305175781,2520300,0.0,0.0
2025-07-31 00:00:00-04:00,77.18000030517578,77.45999908447266,74.23999786376953,74.88999938964844,2577400,0.0,0.0
2025-08-01 00:00:00-04:00,74.55999755859375,75.69000244140625,73.80999755859375,75.58999633789062,1583900,0.0,0.0
2025-08-04 00:00:00-04:00,75.7699966430664,78.25,75.4800033569336,78.04000091552734,1624200,0.0,0.0
2025-08-05 00:00:00-04:00,77.97000122070312,78.5,77.08999633789062,77.72000122070312,1733600,0.0,0.0
2025-08-06 00:00:00-04:00,78.62000274658203,79.43000030517578,76.44999694824219,77.6500015258789,1987900,0.0,0.0
2025-08-07 00:00:00-04:00,78.04000091552734,78.25,76.79000091552734,78.19999694824219,1416900,0.0,0.0
2025-08-08 00:00:00-04:00,78.23999786376953,79.0,77.69000244140625,78.38999938964844,1200300,0.0,0.0
2025-08-11 00:00:00-04:00,78.19999694824219,79.72000122070312,78.19999694824219,79.19000244140625,2015800,0.0,0.0
2025-08-12 00:00:00-04:00,79.44000244140625,81.81999969482422,79.33000183105469,81.61000061035156,1810100,0.0,0.0
2025-08-13 00:00:00-04:00,81.80000305175781,86.0199966430664,81.61000061035156,85.8499984741211,3182600,0.0,0.0
2025-08-14 00:00:00-04:00,84.75,86.5,84.41000366210938,86.16000366210938,1838200,0.0,0.0
2025-08-15 00:00:00-04:00,86.80999755859375,87.05999755859375,85.41999816894531,86.91999816894531,1883500,0.0,0.0
2025-08-18 00:00:00-04:00,86.72000122070312,87.23999786376953,84.8499984741211,84.91999816894531,1741500,0.0,0.0
2025-08-19 00:00:00-04:00,84.94000244140625,85.69000244140625,84.55000305175781,85.45999908447266,1824100,0.0,0.0
2025-08-20 00:00:00-04:00,85.2300033569336,86.37000274658203,84.76000213623047,86.19999694824219,1688500,0.0,0.0
2025-08-21 00:00:00-04:00,85.72000122070312,86.97000122070312,85.44999694824219,86.52999877929688,982700,0.0,0.0
2025-08-22 00:00:00-04:00,87.0,87.0,84.9000015258789,85.04000091552734,1475800,0.0,0.0
2025-08-25 00:00:00-04:00,84.87999725341797,85.87000274658203,84.43000030517578,84.76000213623047,1643000,0.0,0.0
2025-08-26 00:00:00-04:00,84.70999908447266,84.70999908447266,83.66000366210938,84.0,2325100,0.0,0.0
2025-08-27 00:00:00-04:00,84.12999725341797,85.12000274658203,84.12999725341797,84.83999633789062,1460300,0.0,0.0
2025-08-28 00:00:00-04:00,84.26000213623047,84.58999633789062,83.5,83.69999694824219,1011600,0.0,0.0
2025-08-29 00:00:00-04:00,83.8499984741211,84.62999725341797,83.41000366210938,84.61000061035156,1338300,0.0,0.0
2025-09-02 00:00:00-04:00,84.97000122070312,87.98999786376953,84.95999908447266,85.9800033569336,2208500,0.0,0.0
2025-09-03 00:00:00-04:00,85.91999816894531,87.45999908447266,85.72000122070312,86.95999908447266,1986900,0.0,0.0
2025-09-04 00:00:00-04:00,87.26000213623047,87.98999786376953,85.41999816894531,85.44000244140625,2245500,0.0,0.0
2025-09-05 00:00:00-04:00,85.4800033569336,86.69000244140625,85.05999755859375,86.63999938964844,1387700,0.0,0.0
2025-09-08 00:00:00-04:00,86.4800033569336,86.94000244140625,85.18000030517578,86.55999755859375,1222700,0.0,0.0
2025-09-09 00:00:00-04:00,86.38999938964844,87.3499984741211,85.31999969482422,85.5999984741211,1534600,0.0,0.0
2025-09-10 00:00:00-04:00,85.77999877929688,86.94000244140625,84.54000091552734,86.25,1907300,0.0,0.0
2025-09-11 00:00:00-04:00,86.0,87.0999984741211,85.8499984741211,86.16999816894531,2012500,0.0,0.0
2025-09-12 00:00:00-04:00,85.48999786376953,85.51000213623047,82.81999969482422,83.0999984741211,1775100,0.0,0.0
2025-09-15 00:00:00-04:00,82.80999755859375,83.66000366210938,82.72000122070312,83.13999938964844,1741100,0.0,0.0
2025-09-16 00:00:00-04:00,83.1500015258789,84.58000183105469,83.1500015258789,83.9000015258789,1691400,0.0,0.0
2025-09-17 00:00:00-04:00,83.91000366210938,85.9800033569336,83.51000213623047,84.80000305175781,1582400,0.0,0.0
2025-09-18 00:00:00-04:00,84.70999908447266,86.06999969482422,84.47000122070312,86.0,1326600,0.0,0.0
2025-09-19 00:00:00-04:00,85.86000061035156,86.80999755859375,85.30999755859375,86.52999877929688,5483800,0.0,0.0
2025-09-22 00:00:00-04:00,86.38999938964844,86.81999969482422,84.37999725341797,84.7300033569336,1460700,0.0,0.0
2025-09-23 00:00:00-04:00,84.75,85.83000183105469,84.43000030517578,84.54000091552734,1607300,0.0,0.0
2025-09-24 00:00:00-04:00,84.19000244140625,84.81999969482422,83.66000366210938,84.16000366210938,1297800,0.0,0.0
2025-09-25 00:00:00-04:00,83.86000061035156,84.44999694824219,81.08999633789062,81.66000366210938,1488600,0.0,0.0
2025-09-26 00:00:00-04:00,82.56999969482422,82.94999694824219,81.77999877929688,82.69999694824219,1376200,0.0,0.0
2025-09-29 00:00:00-04:00,83.0199966430664,84.41000366210938,82.5199966430664,83.88999938964844,1564400,0.0,0.0
2025-09-30 00:00:00-04:00,83.83000183105469,85.30999755859375,83.76000213623047,84.80999755859375,1251200,0.0,0.0
2025-10-01 00:00:00-04:00,84.94999694824219,87.23999786376953,84.9000015258789,86.69999694824219,1630500,0.0,0.0
2025-10-02 00:00:00-04:00,87.6500015258789,88.66000366210938,86.16999816894531,86.27999877929688,1787700,0.0,0.0
2025-10-03 00:00:00-04:00,85.91000366210938,86.9800033569336,85.18000030517578,86.8499984741211,1303600,0.0,0.0
2025-10-06 00:00:00-04:00,86.98999786376953,88.30000305175781,86.41000366210938,87.2300033569336,1919000,0.0,0.0
2025-10-07 00:00:00-04:00,87.30999755859375,87.94999694824219,85.91999816894531,87.16999816894531,1212500,0.0,0.0
2025-10-08 00:00:00-04:00,86.55999755859375,86.87000274658203,84.95999908447266,85.37999725341797,1620200,0.0,0.0
2025-10-09 00:00:00-04:00,85.55000305175781,85.91999816894531,84.13999938964844,84.75,1401200,0.0,0.0
2025-10-10 00:00:00-04:00,85.01000213623047,85.19000244140625,83.05999755859375,83.80000305175781,1576600,0.0,0.0
2025-10-13 00:00:00-04:00,84.38999938964844,85.1500015258789,82.81999969482422,84.7300033569336,1067700,0.0,0.0
2025-10-14 00:00:00-04:00,84.37999725341797,86.16000366210938,83.45999908447266,85.95999908447266,1303200,0.0,0.0
2025-10-15 00:00:00-04:00,85.12999725341797,88.48999786376953,85.12999725341797,88.1500015258789,2049500,0.0,0.0
2025-10-16 00:00:00-04:00,88.87999725341797,92.86000061035156,87.12000274658203,87.30999755859375,3760200,0.0,0.0
2025-10-17 00:00:00-04:00,87.04000091552734,88.54000091552734,86.36000061035156,87.56999969482422,2070900,0.0,0.0
2025-10-20 00:00:00-04:00,87.94999694824219,87.94999694824219,84.37999725341797,86.16999816894531,2100400,0.0,0.0
2025-10-21 00:00:00-04:00,85.6500015258789,87.4800033569336,85.55000305175781,87.30000305175781,1136900,0.0,0.0
2025-10-22 00:00:00-04:00,87.4000015258789,88.20999908447266,87.25,88.05999755859375,1582600,0.0,0.0
2025-10-23 00:00:00-04:00,87.6500015258789,89.55999755859375,87.5,89.30999755859375,2032300,0.0,0.0
2025-10-24 00:00:00-04:00,90.0,92.08000183105469,89.7300033569336,91.27999877929688,2236600,0.0,0.0
2025-10-27 00:00:00-04:00,92.16000366210938,93.16999816894531,90.69000244140625,93.08000183105469,3803000,0.0,0.0
2025-10-28 00:00:00-04:00,92.13999938964844,93.9800033569336,84.0199966430664,91.6500015258789,6876000,0.0,0.0
2025-10-29 00:00:00-04:00,91.48999786376953,94.41999816894531,88.19999694824219,90.18000030517578,3443500,0.0,0.0
2025-10-30 00:00:00-04:00,91.33999633789062,94.62000274658203,91.19000244140625,92.58999633789062,2405300,0.0,0.0
2025-10-31 00:00:00-04:00,92.69999694824219,95.0999984741211,92.05999755859375,93.4800033569336,2503200,0.0,0.0
2025-11-03 00:00:00-05:00,93.94999694824219,101.79000091552734,91.16000366210938,101.56999969482422,6227700,0.0,0.0
2025-11-04 00:00:00-05:00,101.8499984741211,103.86000061035156,100.0199966430664,102.91999816894531,3530900,0.0,0.0
2025-11-05 00:00:00-05:00,101.91000366210938,106.47000122070312,101.5,105.69999694824219,2764000,0.0,0.0
2025-11-06 00:00:00-05:00,106.29000091552734,106.43000030517578,103.0199966430664,105.19999694824219,2392100,0.0,0.0
2025-11-07 00:00:00-05:00,105.5,106.4000015258789,103.80999755859375,105.9800033569336,2019800,0.0,0.0
2025-11-10 00:00:00-05:00,107.37999725341797,108.80999755859375,104.05999755859375,105.9800033569336,2654400,0.0,0.0
2025-11-11 00:00:00-05:00,106.0,108.66999816894531,105.52999877929688,108.16000366210938,2006600,0.0,0.0
2025-11-12 00:00:00-05:00,108.05000305175781,109.27999877929688,106.80999755859375,108.26000213623047,1743200,0.0,0.0
2025-11-13 00:00:00-05:00,107.2699966430664,107.76000213623047,105.02999877929688,105.41000366210938,2151800,0.0,0.0
2025-11-14 00:00:00-05:00,104.56999969482422,106.91999816894531,103.7699966430664,104.1500015258789,2035000,0.0,0.0
2025-11-17 00:00:00-05:00,104.36000061035156,105.97000122070312,103.83000183105469,104.16999816894531,1411700,0.0,0.0
2025-11-18 00:00:00-05:00,104.19999694824219,107.30999755859375,103.79000091552734,103.88999938964844,2831200,0.0,0.0
2025-11-19 00:00:00-05:00,104.66000366210938,104.66000366210938,100.30000305175781,101.31999969482422,2734500,0.0,0.0
2025-11-20 00:00:00-05:00,102.5,103.2300033569336,101.08000183105469,101.76000213623047,1673200,0.0,0.0
2025-11-21 00:00:00-05:00,102.0,103.19999694824219,101.4000015258789,102.05999755859375,1722300,0.0,0.0
2025-11-24 00:00:00-05:00,103.0,106.66999816894531,102.5,106.23999786376953,2660600,0.0,0.0
2025-11-25 00:00:00-05:00,106.58999633789062,107.61000061035156,105.16000366210938,105.55000305175781,1701800,0.0,0.0
2025-11-26 00:00:00-05:00,105.61000061035156,107.0,105.08000183105469,105.6500015258789,1403500,0.0,0.0
2025-11-28 00:00:00-05:00,106.44999694824219,106.98999786376953,103.8499984741211,104.45999908447266,932400,0.0,0.0
2025-12-01 00:00:00-05:00,103.48999786376953,103.88999938964844,101.47000122070312,102.04000091552734,2254900,0.0,0.0
2025-12-02 00:00:00-05:00,102.41000366210938,103.54000091552734,100.55000305175781,101.44000244140625,2438800,0.0,0.0
2025-12-03 00:00:00-05:00,101.80000305175781,102.62000274658203,100.9000015258789,101.5,1874600,0.0,0.0
2025-12-04 00:00:00-05:00,101.37999725341797,102.47000122070312,99.69000244140625,100.45999908447266,2088500,0.0,0.0
2025-12-05 00:00:00-05:00,101.0,103.68000030517578,98.36000061035156,102.5199966430664,2357000,0.0,0.0
2025-12-08 00:00:00-05:00,100.12999725341797,100.43000030517578,94.33999633789062,96.69999694824219,3868800,0.0,0.0
2025-12-09 00:00:00-05:00,96.5199966430664,97.9800033569336,94.66000366210938,95.16000366210938,2455800,0.0,0.0
2025-12-10 00:00:00-05:00,95.58000183105469,96.87999725341797,94.27999877929688,95.16999816894531,1872100,0.0,0.0
2025-12-11 00:00:00-05:00,94.94000244140625,96.88999938964844,94.38999938964844,96.0999984741211,1836000,0.0,0.0
2025-12-12 00:00:00-05:00,95.76000213623047,96.0,93.54000091552734,95.41000366210938,2264500,0.0,0.0
2025-12-15 00:00:00-05:00,96.2699966430664,99.44000244140625,95.4800033569336,98.63999938964844,2815500,0.0,0.0
2025-12-16 00:00:00-05:00,98.16999816894531,98.69000244140625,96.4000015258789,97.02999877929688,2055000,0.0,0.0
2025-12-17 00:00:00-05:00,97.26000213623047,98.9000015258789,97.08999633789062,97.62999725341797,1598500,0.0,0.0
2025-12-18 00:00:00-05:00,98.25,98.33999633789062,97.01000213623047,97.30999755859375,1757700,0.0,0.0
2025-12-19 00:00:00-05:00,97.7699966430664,103.44999694824219,97.36000061035156,102.69000244140625,5906600,0.0,0.0
2025-12-22 00:00:00-05:00,101.94000244140625,102.5199966430664,98.98999786376953,100.70999908447266,1974700,0.0,0.0
2025-12-23 00:00:00-05:00,100.5,101.70999908447266,100.0199966430664,100.91000366210938,1330700,0.0,0.0
2025-12-24 00:00:00-05:00,100.94000244140625,101.51000213623047,100.30000305175781,100.44000244140625,490600,0.0,0.0
2025-12-26 00:00:00-05:00,100.41000366210938,100.41000366210938,99.56999969482422,100.11000061035156,626800,0.0,0.0
2025-12-29 00:00:00-05:00,100.02999877929688,100.08000183105469,97.62999725341797,99.29000091552734,1225800,0.0,0.0
2025-12-30 00:00:00-05:00,99.20999908447266,99.27999877929688,98.05999755859375,98.91000366210938,1603800,0.0,0.0
2025-12-31 00:00:00-05:00,98.43000030517578,99.88999938964844,98.12999725341797,98.7699966430664,1376300,0.0,0.0
2026-01-02 00:00:00-05:00,98.25,101.5,97.94000244140625,101.41999816894531,2152200,0.0,0.0
2026-01-05 00:00:00-05:00,103.0,103.01000213623047,99.04000091552734,101.79000091552734,3051800,0.0,0.0
2026-01-06 00:00:00-05:00,101.7300033569336,107.4800033569336,101.0199966430664,106.66000366210938,3857900,0.0,0.0
2026-01-07 00:00:00-05:00,107.87999725341797,112.29000091552734,107.87999725341797,110.56999969482422,3377200,0.0,0.0
2026-01-08 00:00:00-05:00,109.73999786376953,110.08999633789062,104.69000244140625,105.91999816894531,2578400,0.0,0.0
2026-01-09 00:00:00-05:00,106.04000091552734,107.69000244140625,105.93000030517578,106.87000274658203,1520700,0.0,0.0
2026-01-12 00:00:00-05:00,106.94000244140625,106.94000244140625,104.69999694824219,106.33000183105469,1761300,0.0,0.0
2026-01-13 00:00:00-05:00,106.55999755859375,107.54000091552734,102.68000030517578,103.43000030517578,2041100,0.0,0.0
